  2.738326856323216E-005
  1.874086013497174E-004
  4.886535069433371E-004
  9.000894701425218E-004
  1.384734691654379E-003
  1.904936125036418E-003
  2.425774892931087E-003
  2.916838493639095E-003
  3.352859133948409E-003
  3.713705353914943E-003
  3.984091242078382E-003
  4.153223998106497E-003
  4.214511855999055E-003
  4.165391050769332E-003
  4.007295357382822E-003
  3.745773385526603E-003
  3.390748361324721E-003
  2.956899056604682E-003
  2.464114958538562E-003
  1.937907443092781E-003
  1.409565277447008E-003
  9.156358722693961E-004
  4.959345942621536E-004
  1.893986187513294E-004
  2.753917464201620E-005
 -6.388273726486894E-009
 -1.656394123885647E-010
 -2.115269384401335E-018
 -6.084738302139410E-022
  3.067544980693012E-032
 -1.120188127823955E-038
 -4.274799460369351E-050
  9.787956701322549E-055
  2.596363810556125E-067
 -3.395879654677156E-072
  8.240672218260980E-084
  7.854549544679566E-090
  1.429354349449688E-101
 -3.534547294790856E-089
 -3.868655396260020E-084
  1.358351861812295E-071
 -2.525298865891645E-066
  1.957591340264524E-054
  1.710418607422455E-049
 -9.067548724242252E-037
 -3.498906477438509E-032
 -2.529431370227174E-020
  5.156841162095894E-019
 -4.021748887053936E-010
 -7.742001692466611E-009
  1.874145028133425E-004
  1.259556371070790E-003
  3.203974852238748E-003
  5.744335759671022E-003
  8.600141291786097E-003
  1.153030325326588E-002
  1.434725281697312E-002
  1.691492830424018E-002
  1.913950897562592E-002
  2.095853308142101E-002
  2.233113909326763E-002
  2.323039817345007E-002
  2.363789430801502E-002
  2.354043780793561E-002
  2.292883711349127E-002
  2.179886378760527E-002
  2.015485001616309E-002
  1.801667853940220E-002
  1.543108570811164E-002
  1.248777525108005E-002
  9.338924407723645E-003
  6.215756356382554E-003
  3.427427518209174E-003
  1.320888780015733E-003
  1.921736144347658E-004
 -1.908308791555766E-007
 -3.598789387291468E-009
  3.753513022923433E-015
  1.530784271542176E-018
 -2.126413901793493E-031
  4.531003649848740E-036
  6.842194133938850E-048
 -2.088097429746024E-053
  1.044527907059191E-064
 -1.086681490883574E-070
  4.943155539761391E-082
  6.283639631679708E-089
  2.285726738425788E-100
 -2.513455854221060E-087
 -2.635835461229273E-082
 -7.968997589437786E-070
  7.597690598658037E-065
  1.296471407437473E-062
 -3.420544881204650E-047
 -1.303255323340445E-035
 -8.044609377705484E-031
  3.775378149006037E-018
  2.320680920731612E-015
 -1.059510493079450E-008
 -2.239175444976797E-007
  4.887074114975962E-004
  3.204156895855392E-003
  7.920793846070447E-003
  1.383127643410892E-002
  2.023917728860118E-002
  2.662679262522778E-002
  3.263963937544379E-002
  3.804950861501524E-002
  4.271664905170192E-002
  4.655858181332864E-002
  4.952668561567128E-002
  5.158945022624448E-002
  5.272084106635749E-002
  5.289246443925122E-002
  5.206875131049414E-002
  5.020513208967632E-002
  4.725032949954688E-002
  4.315582972899430E-002
  3.789879416853932E-002
  3.152902555622895E-002
  2.425275069597366E-002
  1.655235819458756E-002
  9.283869047466637E-003
  3.594400065944047E-003
  5.195552638834547E-004
 -1.275655285358217E-006
 -2.402140197240728E-008
  1.370394415715826E-013
  5.601649331125774E-017
 -2.054620262282886E-028
 -2.020933285657030E-034
  4.554225948532793E-045
  2.505716915300888E-052
 -7.900314940309742E-063
 -1.679255282799341E-078
  2.530128042579229E-080
  2.010764681825391E-087
 -4.571919799832456E-098
  6.434446986798631E-086
  1.265115228763559E-080
 -1.854603075328719E-068
 -7.287751393376672E-063
 -5.011433831370983E-051
 -5.254869241218068E-045
 -3.849765146567114E-034
 -2.516046434927144E-028
  1.419923581283474E-016
  7.459213003463205E-014
 -6.867982733433183E-008
 -1.382964514909907E-006
  9.002965254240074E-004
  5.745067039452285E-003
  1.383186251205846E-002
  2.366450851456371E-002
  3.410608434999812E-002
  4.438484115978476E-002
  5.400411881501316E-002
  6.265930171039133E-002
  7.017288678677749E-002
  7.644657113655576E-002
  8.142672581885549E-002
  8.507966098575809E-002
  8.737367986010716E-002
  8.826559353976002E-002
  8.769001759914320E-002
  8.555054850202838E-002
  8.171323550528611E-002
  7.600566741043395E-002
  6.823202249978015E-002
  5.823078855217644E-002
  4.603329132387516E-002
  3.220546178893421E-002
  1.833148642275207E-002
  7.080996700113173E-003
  1.006855060176432E-003
 -4.639382878456932E-006
 -8.601578517295500E-008
  1.649974843818445E-012
  6.590353505169740E-016
 -4.425012103589135E-026
 -5.269829802208139E-033
  4.484162688370170E-044
 -1.069105884479404E-050
  6.914453506872602E-061
  1.854603071889245E-068
 -6.747263739824627E-079
  1.286889397406543E-085
  2.809010575262785E-096
 -6.658358749175765E-096
  3.597497594486943E-079
 -4.451047380803318E-067
  2.437195721411797E-064
 -1.710569414460391E-049
  2.242065378870540E-043
 -1.184694240067851E-031
 -2.728012469952421E-026
  1.623260075177412E-015
  7.654587486434566E-013
 -2.360855100666969E-007
 -4.507541037727240E-006
  1.385243782269464E-003
  8.601829102195657E-003
  2.024059526680273E-002
  3.410664407491386E-002
  4.867884999556704E-002
  6.297713848680093E-002
  7.638427087482855E-002
  8.852325736689773E-002
  9.917408028376504E-002
  0.108215330572244     
  0.115582197867934     
  0.121235463291165     
  0.125137821335800     
  0.127234539098145     
  0.127435954715769     
  0.125599554765640     
  0.121509756373693     
  0.114855010236647     
  0.105208019463018     
  9.203812400400607E-002
  7.486334928039209E-002
  5.383920755434984E-002
  3.113031053309816E-002
  1.192646819958056E-002
  1.648743009755053E-003
 -1.226404131108348E-005
 -2.207845505211470E-007
  1.078255086526958E-011
  4.121447590492351E-015
 -1.759269486743286E-024
 -1.931168020264377E-031
  1.216404923462602E-048
 -1.710569415344059E-049
  2.489204634056142E-059
  2.967364919321685E-067
  2.158631192092710E-078
  1.598008385776966E-094
  1.498111033781699E-095
 -8.236092143222096E-084
  6.477770661750703E-078
  3.933504896578173E-077
 -2.458809743727186E-060
 -2.189528850508635E-047
  2.869856822127394E-042
 -4.163909094525714E-030
 -7.231933065022820E-025
  9.622479328699652E-015
  4.105790919311778E-012
 -5.763221468610372E-007
 -1.040665497631541E-005
  1.905880143265021E-003
  1.153321643547897E-002
  2.662916677386166E-002
  4.438586274224215E-002
  6.297727286023944E-002
  8.125775305378867E-002
  9.850415435711149E-002
  0.114265012458496     
  0.128267653180932     
  0.140355261260307     
  0.150441048776921     
  0.158473129832852     
  0.164406169134865     
  0.168176765709117     
  0.169679552385514     
  0.168740561918622     
  0.165083035699559     
  0.158279122269560     
  0.147679827013496     
  0.132325132835727     
  0.110919795769064     
  8.239826806410953E-002
  4.861512211702181E-002
  1.838745884438656E-002
  2.434530456258880E-003
 -2.670688694840255E-005
 -4.595524268290196E-007
  4.787791592123877E-011
  1.712766906679660E-014
 -3.144896749131172E-023
 -4.652222296942136E-030
  2.295887464770028E-040
 -1.094764425374132E-047
 -1.593092923993013E-058
 -7.665692708964172E-067
  1.535422674756177E-077
 -2.059023033443463E-084
  7.491088563024425E-096
 -8.256136251499692E-094
  1.036342569321988E-076
  1.519290839319573E-064
  2.700961491955276E-064
 -1.416124914168276E-058
  4.281745307673324E-046
 -6.047570135385019E-029
 -8.566281780931204E-024
  3.728918465274901E-014
  1.448843587179111E-011
 -1.131993270823513E-006
 -1.935564610615565E-005
  2.427207185545321E-003
  1.435142536937744E-002
  3.264304323583246E-002
  5.400564125996189E-002
  7.638431987588358E-002
  9.850366356772114E-002
  0.119546528688685     
  0.138984863811893     
  0.156483503809512     
  0.171837295604775     
  0.184924866275728     
  0.195671744387532     
  0.204019012210415     
  0.209894681218379     
  0.213184780272738     
  0.213699794113364     
  0.211129460312247     
  0.204973839243592     
  0.194427650067165     
  0.178174033325050     
  0.154035895401395     
  0.118882067559017     
  7.219352942322006E-002
  2.690642819562560E-002
  3.344188508509918E-003
 -5.111297199757845E-005
 -8.241020837113841E-007
  1.626168193438792E-010
  5.301688937248043E-014
 -3.277335579961032E-022
 -3.792594710517328E-029
  1.050973848241064E-045
  1.751623080404784E-046
 -3.186187198466772E-058
 -8.440504670512787E-066
 -2.210847451192825E-075
  9.883310579278627E-083
  2.397221491360858E-094
 -3.162659382969179E-081
  2.811252784862751E-081
 -3.038581678643476E-063
  1.602772157120220E-058
 -7.006492321615949E-046
  1.836727050141057E-040
 -4.765533641484270E-028
 -5.763436191849294E-023
  1.066598073808098E-013
  3.805723476660991E-011
 -1.906784492633826E-006
 -3.100398768373381E-005
  2.918694263852039E-003
  1.692013980622412E-002
  3.805395104963325E-002
  6.266150706390615E-002
  8.852331832279944E-002
  0.114263797978034     
  0.138983657191152     
  0.162079299533005     
  0.183146849953350     
  0.201922266317914     
  0.218237472145029     
  0.231984204079854     
  0.243081740973427     
  0.251446039476751     
  0.256957509387578     
  0.259422934480686     
  0.258523645214794     
  0.253734453421541     
  0.244180275538706     
  0.228351118182865     
  0.203444047870960     
  0.163950281154066     
  0.103791453433083     
  3.826070187655456E-002
  4.345004252945414E-003
 -8.935412229627769E-005
 -1.315158822895144E-006
  4.531806504034811E-010
  1.302424669610352E-013
 -2.296260152341451E-021
 -2.096632451327914E-028
  4.176647922834816E-044
  1.751623080409696E-046
 -8.018479429752326E-062
  3.038581678639146E-064
 -2.766711998551298E-076
  1.317774745222000E-082
  1.438212601743512E-093
  2.108439588646106E-081
  3.748337046488782E-081
 -1.215432671457501E-063
  1.554177133194041E-058
  2.802596928664788E-045
  3.673460328275288E-040
 -2.382322768387054E-027
 -2.521955436954969E-022
  2.416959675952541E-013
  8.006856623813287E-011
 -2.857234623596701E-006
 -4.446368534539888E-005
  3.354954102649350E-003
  1.914532764933745E-002
  4.272203213441737E-002
  7.017600998353248E-002
  9.917449975282183E-002
  0.128265909148910     
  0.156480874989720     
  0.183144863651871     
  0.207783807977098     
  0.230068392417339     
  0.249774259900483     
  0.266748665312201     
  0.280879413548327     
  0.292063749983651     
  0.300174772662857     
  0.305021291327844     
  0.306293362443456     
  0.303477306908736     
  0.295704118974717     
  0.281442084305026     
  0.257724933347893     
  0.217392603601425     
  0.145676705298245     
  5.382765621387063E-002
  5.395615588472295E-003
 -1.464743244245475E-004
 -1.899927079998738E-006
  1.085474049168786E-009
  2.631050545412596E-013
 -1.174951038285953E-020
 -8.106673753306880E-028
  1.021390880663567E-042
  1.401298464333881E-045
 -6.482307581011026E-063
  1.215432671449395E-063
  2.122407935324977E-073
 -1.309091571239076E-090
 -5.752774817407905E-093
  2.530127506373282E-080
  5.997339274406597E-080
  1.944692274333819E-062
 -2.533379796156121E-057
 -1.121038771443121E-044
  1.469370429725131E-039
 -8.235902424299750E-027
 -7.817286745980438E-022
  4.534155784060063E-013
  1.413027625895718E-010
 -3.895718918640107E-006
 -5.848853777593738E-005
  3.715767120959307E-003
  2.096438284184467E-002
  4.656466025240600E-002
  7.645078751900503E-002
  0.108216573348394     
  0.140353528071133     
  0.171833557734130     
  0.201918115163234     
  0.230065588581343     
  0.255879590834943     
  0.279073728297688     
  0.299442297820537     
  0.316832169492522     
  0.331113358114085     
  0.342146072589084     
  0.349740739962512     
  0.353604037597025     
  0.353256011039414     
  0.347884033446010     
  0.336051852802942     
  0.315038397200264     
  0.277701841564446     
  0.199839897313196     
  7.597173869000834E-002
  6.469224274640809E-003
 -2.298837878264086E-004
 -2.501859972661213E-006
  2.308832666370655E-009
  4.447454280877152E-013
 -4.642282631188967E-020
 -2.208916427026476E-027
  1.477902780374748E-041
  3.625165043426601E-056
 -4.380997353691242E-058
 -1.458519205740846E-062
  1.770711047254731E-074
  4.216879177237668E-081
  1.571959967286730E-092
 -1.012051002549177E-079
 -1.768691818087799E-074
 -1.944692274331805E-062
 -5.066848183850146E-057
 -2.242077542818771E-044
  5.877561437213160E-039
 -2.083148850264070E-026
 -1.815575156147525E-021
  7.244348612517314E-013
  2.155522589562729E-010
 -4.903648713364615E-006
 -7.167807870896446E-005
  3.985812554030414E-003
  2.233637642556194E-002
  4.953305720609721E-002
  8.143205887687982E-002
  0.115584713843830     
  0.150440050914842     
  0.184920740814147     
  0.218231583504522     
  0.249768537464563     
  0.279070123410439     
  0.305786206013837     
  0.329652955324370     
  0.350468647096556     
  0.368067410419548     
  0.382288685999230     
  0.392939335840061     
  0.399742493713618     
  0.402260438240085     
  0.399761707984132     
  0.390959038473423     
  0.373539974104319     
  0.342122926727420     
  0.266855953226709     
  0.108417598407810     
  7.627139213312853E-003
 -3.521877988464614E-004
 -2.999120148539062E-006
  4.473182204302232E-009
  6.316031025667900E-013
 -1.472490973958071E-019
 -4.354630105151782E-027
 -1.879426868882563E-037
  2.175101748625145E-055
 -1.382803776162008E-055
  4.861730686174898E-063
  8.489631685074853E-073
 -4.216879180564942E-081
  1.534039689279378E-092
 -1.349401336733563E-079
 -8.296269351719470E-076
 -1.555753819465282E-061
 -2.497157741827756E-058
  1.793662034372314E-043
 -5.877372106220646E-039
 -3.972075553217235E-026
 -3.277997729805017E-021
  1.004089968960463E-012
  2.898494498293399E-010
 -5.751854415262098E-006
 -8.266855343736792E-005
  4.154325172938412E-003
  2.323439141964843E-002
  5.159558098900443E-002
  8.508593853097256E-002
  0.121239579060854     
  0.158473577478759     
  0.195668154097495     
  0.231977458909779     
  0.266740578790448     
  0.299435073069686     
  0.329648627844701     
  0.357057626682788     
  0.381406936152861     
  0.402487593958392     
  0.420109937612134     
  0.434069316699113     
  0.444099412531102     
  0.449802793093998     
  0.450534610256883     
  0.445170265598368     
  0.431740784766496     
  0.407381316356837     
  0.344622505600878     
  0.156163651262722     
  9.258005552183944E-003
 -5.371434210823078E-004
 -3.249295801848287E-006
  8.169144959108540E-009
  7.489413649957200E-013
 -3.937421709412642E-019
 -6.140278217793934E-027
  7.531950696625185E-037
  5.605193855414185E-045
  3.262651693806967E-055
 -2.430865343005696E-062
  5.660134937915700E-073
  8.433758354475335E-081
 -2.454545562229777E-091
 -1.218209540107662E-080
 -5.534944416317131E-076
  3.111507638930556E-061
 -3.029916994284043E-058
  2.690493051581457E-043
 -5.877372106220646E-039
 -5.847500351349491E-026
 -4.708179085371965E-021
  1.221294964568491E-012
  3.477884946013726E-010
 -6.323890644981645E-006
 -9.029441023607100E-005
  4.214799189011299E-003
  2.364010241613146E-002
  5.272611490926836E-002
  8.738053373988025E-002
  0.125143629541498     
  0.164408617867900     
  0.204016900356161     
  0.243075270979472     
  0.280870009834342     
  0.316822010919552     
  0.350460095583951     
  0.381402008822937     
  0.409337463124040     
  0.434009688065938     
  0.455192764998113     
  0.472661892548579     
  0.486152250368906     
  0.495298084881356     
  0.499533744739303     
  0.497894241773223     
  0.488621064260321     
  0.470751983032977     
  0.428033598598389     
  0.224163251359111     
  1.265229948174685E-002
 -8.308242399238128E-004
 -3.187133007162032E-006
  1.476523008281590E-008
  7.360506300480854E-013
 -9.685244174929619E-019
 -6.190951410631543E-027
 -7.477070916191630E-037
  1.681558157261379E-044
  6.525303733337004E-055
  3.403211479552067E-062
 -2.830369678632222E-073
  2.454546849690772E-090
  1.917623738141505E-092
  4.685421308054732E-081
  4.123170751129069E-079
  1.277289329298468E-074
 -5.127073142957026E-058
  8.968310172706121E-044
 -1.175488371948841E-038
 -6.722609577475702E-026
 -5.446430251923227E-021
  1.311864217579763E-012
  3.748250071182611E-010
 -6.537613270462621E-006
 -9.371552665096103E-005
  4.164798902930063E-003
  2.354048783656233E-002
  5.289624760820599E-002
  8.827248042091315E-002
  0.127241867371910     
  0.168181550046106     
  0.209894884719657     
  0.251441026065573     
  0.292054326447472     
  0.331101427343842     
  0.368055420006552     
  0.402477959519956     
  0.434004316206477     
  0.462327953501967     
  0.487181803513863     
  0.508313327224923     
  0.525449402947695     
  0.538244121984588     
  0.546196101467390     
  0.548487769326463     
  0.543510779479591     
  0.530787481177876     
  0.510079986097758     
  0.314780162931709     
  2.088026681551713E-002
 -1.321294901015638E-003
 -3.064514556923301E-006
  2.794450586653539E-008
  6.119598579497248E-013
 -2.523518560527085E-018
 -4.551923092926512E-027
  3.034944737283367E-036
  3.363116314495569E-044
 -6.525306715198491E-055
 -3.889384548185278E-062
  2.830438198233432E-073
  1.686751670955067E-080
  2.454544781950384E-091
 -6.747006683671631E-080
  5.306169912356970E-074
 -3.111507638928962E-061
 -1.579318303985265E-056
  3.587324068754642E-043
 -3.985915631848195E-044
 -6.059825022249343E-026
 -5.090753769283370E-021
  1.246917488740592E-012
  3.634764372068226E-010
 -6.360784907305575E-006
 -9.250957913826984E-005
  4.005904307502844E-003
  2.292659800801538E-002
  5.207046688980592E-002
  8.769625134132263E-002
  0.127444371090337     
  0.169686759708710     
  0.213187903452214     
  0.256954993350147     
  0.300166647426899     
  0.342133750377796     
  0.382274474270968     
  0.420096448026636     
  0.455182358081985     
  0.487176178728170     
  0.515767394342628     
  0.540670337056861     
  0.561594919391316     
  0.578202815425275     
  0.590038974859101     
  0.596411097929396     
  0.595888900338293     
  0.587330967687877     
  0.584143569978452     
  0.424715521296706     
  3.940741019158979E-002
 -2.161781138447728E-003
 -3.969608804025378E-006
  5.801935235932332E-008
  4.849453416503972E-013
 -8.344354843969510E-018
 -2.586578736105457E-027
  3.245125612902117E-036
  5.605193835258244E-045
 -6.117476244050248E-056
 -4.861730685274833E-063
  6.698278302061524E-078
  1.090910179141312E-091
 -1.227273886510694E-091
 -4.216879177271760E-081
  8.996008911523986E-080
  3.889384548662185E-062
  5.159864976093389E-057
 -4.484155085421391E-044
  5.877661085103956E-039
 -4.268524408886608E-026
 -3.823544576513273E-021
  1.046560234567060E-012
  3.162601706967967E-010
 -5.817588932549436E-006
 -8.672859810214275E-005
  3.743799617533839E-003
  2.179450892146349E-002
  5.020434717678576E-002
  8.555534348373098E-002
  0.125608385643490     
  0.168749967503355     
  0.213706137449930     
  0.259423716302172     
  0.305015640638805     
  0.349729404925840     
  0.392924294104037     
  0.434053190405317     
  0.472647340761928     
  0.508302535239792     
  0.540664691779688     
  0.569412240618460     
  0.594231824894273     
  0.614782042384381     
  0.630636876388091     
  0.641198635095593     
  0.645269761304615     
  0.640721834591112     
  0.647181121231314     
  0.544111736950381     
  7.502062313057939E-002
 -3.599045010868582E-003
 -8.731837077355004E-006
  1.385226847176590E-007
  5.513901436921541E-013
 -4.032595214057565E-017
 -1.315250925758331E-027
  5.036768272143306E-036
  5.605193868319788E-045
 -3.262652579722336E-055
  1.006186563376995E-072
 -6.632577457633473E-075
  2.108439588642697E-081
 -4.602301133029705E-092
  6.747006683668564E-080
  8.843226693542114E-075
 -7.778769097330757E-062
  4.973260948529355E-057
  8.968310171801426E-044
  2.938835524946518E-039
 -2.313961504971779E-026
 -2.273838225136422E-021
  7.707383447603442E-013
  2.450264858618581E-010
 -4.984601142939745E-006
 -7.691614926439141E-005
  3.388502178682639E-003
  2.014889356351635E-002
  4.724686730552384E-002
  8.171577148535278E-002
  0.121518087575970     
  0.165094079745311     
  0.211139016424232     
  0.258528212005182     
  0.306291087838795     
  0.353594892759369     
  0.399727971660556     
  0.444081981706046     
  0.486134723933150     
  0.525434348505208     
  0.561584214279570     
  0.594226433112142     
  0.623020973927097     
  0.647615581792120     
  0.667599031861128     
  0.682436439923787     
  0.691173858262844     
  0.691092941881474     
  0.700183624794843     
  0.659618897263861     
  0.132290039268055     
 -5.678871839373698E-003
 -2.535465738064154E-005
  3.396887367606251E-007
  2.347068918146416E-012
 -2.159518855355705E-016
 -7.613790361927289E-027
  1.276190276757244E-034
 -5.753868472812636E-052
  1.305060896300667E-054
  1.350480615259364E-064
 -1.865383360473382E-079
 -5.271098971730323E-082
  2.730977873571159E-097
 -3.373503341832833E-080
  1.499334818607786E-080
 -3.889384548663413E-062
  2.564616956004332E-057
 -1.121038771436234E-044
 -2.938725912266641E-039
 -9.468431043849442E-027
 -1.043593300203339E-021
  4.923850734565684E-013
  1.667876328909115E-010
 -3.976771409070597E-006
 -6.407792149777612E-005
  2.954720956869119E-003
  1.800995582713999E-002
  4.314992139647527E-002
  7.600521974034408E-002
  0.114861683353681     
  0.158290873232998     
  0.204986208879182     
  0.253742904827072     
  0.303478929336023     
  0.353249921750170     
  0.402247546349268     
  0.449785286825020     
  0.495278800608734     
  0.538225905614931     
  0.578187976580310     
  0.614772001340639     
  0.647610768033056     
  0.676336941063706     
  0.700544127193464     
  0.719734726468560     
  0.733150618024858     
  0.738135983264010     
  0.746423373526899     
  0.757719704979240     
  0.209684630147403     
 -7.896256677743156E-003
 -7.035119057728963E-005
  7.467395841699068E-007
  1.521685424190691E-011
 -9.273173144687826E-016
 -2.736937712081150E-025
  1.840246728637653E-033
  1.401283467145056E-045
  1.566073071374311E-053
  9.115744150485238E-064
  9.701955717542897E-075
  1.581329691412989E-081
 -1.534103412096428E-092
  1.686751670916843E-080
 -1.658200587633832E-075
  4.861730685829696E-063
  3.904509932989767E-060
 -2.802596928626837E-045
  7.346839692639303E-040
 -2.845672394129947E-027
 -3.552965843189001E-022
  2.679860490791679E-013
  9.768496592881076E-011
 -2.925987372369956E-006
 -4.959485203032948E-005
  2.462297316136533E-003
  1.542463818925758E-002
  3.789125952682980E-002
  6.822827068672727E-002
  0.105211717763970     
  0.147690854981876     
  0.194441830873086     
  0.244192076070600     
  0.295709509645971     
  0.347881343374242     
  0.399751149115447     
  0.450517831000111     
  0.499513474662851     
  0.546175519597214     
  0.590020904108957     
  0.630623187533571     
  0.667590458696035     
  0.700540384744145     
  0.729066460421027     
  0.752692548015717     
  0.770784350673223     
  0.781182507773889     
  0.788730710022980     
  0.835585345932573     
  0.295400378618664     
 -9.146781890263231E-003
 -1.527453155370809E-004
  1.314693703219208E-006
  6.467285094709589E-011
 -2.562263247170638E-015
 -3.964601904185672E-024
  1.248239852842364E-032
  8.407807416484883E-045
 -1.044048716176226E-053
 -3.798222469845727E-065
  6.266352738775816E-077
 -1.107955284934430E-092
 -1.917639018612940E-093
 -1.405626392429352E-081
  6.909309677780208E-077
 -3.038581678665246E-064
  6.382093131622542E-058
 -7.006492321644979E-046
  3.673457214278701E-040
 -5.850859984994941E-028
 -8.458509987875726E-023
  1.208773129499159E-013
  4.770248905726283E-011
 -1.956449200555381E-006
 -3.506600113218060E-005
  1.936622444841144E-003
  1.248260357946121E-002
  3.152135944175807E-002
  5.822445473512695E-002
  9.203797762559052E-002
  0.132333504337073     
  0.178187747104263     
  0.228363587481949     
  0.281448732679111     
  0.336052119948419     
  0.390953383077258     
  0.445157885352096     
  0.497874622532019     
  0.548463178788355     
  0.596386146039815     
  0.641177951369471     
  0.682422120039487     
  0.719726707974422     
  0.752689271606075     
  0.780852621007636     
  0.803647758823990     
  0.819489903094026     
  0.828577897869749     
  0.894430232579614     
  0.360767948706232     
 -8.566072979631861E-003
 -2.216946926451573E-004
  1.658898170342392E-006
  1.139442040248703E-010
 -3.922812282224037E-015
 -1.069650061805532E-023
  2.415612316580272E-032
 -1.401355483305300E-045
  3.262652236700226E-055
 -9.495575795252323E-066
  5.182998409081325E-077
 -1.235413821536248E-083
 -5.992464454902639E-095
 -6.405849444671334E-083
 -3.454534774969085E-077
 -1.519290839324640E-064
 -2.052366104215252E-059
  4.379057701017004E-046
 -2.295921463287457E-041
 -7.958819572907541E-029
 -1.289199737335254E-023
  4.330761883440056E-014
  1.851938193133791E-011
 -1.162057164714496E-006
 -2.207268438143315E-005
  1.408830267037842E-003
  9.335627990512362E-003
  2.424677946667241E-002
  4.602681375396876E-002
  7.486104761605264E-002
  0.110925740014405     
  0.154046992511413     
  0.203448068862384     
  0.257711708283361     
  0.315015905783321     
  0.373531550839324     
  0.431761094323863     
  0.488660059812791     
  0.543539846964418     
  0.595893379013869     
  0.645251510364292     
  0.691148999242088     
  0.733130031569100     
  0.770771925889236     
  0.803641979527742     
  0.831225197057963     
  0.852395790111583     
  0.865564635584866     
  0.941368435532578     
  0.352178818798705     
 -9.291686039554213E-003
 -1.518273214192921E-004
  1.609160347683974E-006
  1.194701976183927E-011
 -3.744054104430050E-015
  4.684630023890478E-024
  2.183371195056019E-032
  2.101710117401886E-045
  5.097875208893388E-057
  5.934733614299495E-067
  8.635345861001439E-078
 -4.861582167614522E-085
  4.444950965949890E-101
 -2.663434938661608E-095
 -1.079564995211570E-078
  1.899113549144285E-065
  1.493574309714644E-059
  4.895276627561237E-059
 -2.869808165930716E-042
 -6.405704511636941E-030
 -1.097610062793960E-024
  1.151792255715367E-014
  5.306444637958273E-012
 -5.909951492652075E-007
 -1.187494483450789E-005
  9.153265082668536E-004
  6.214231135343373E-003
  1.654917410187807E-002
  3.220185491436516E-002
  5.384015386807105E-002
  8.241238354638615E-002
  0.118912473454882     
  0.163972492604173     
  0.217340658183353     
  0.277505306710331     
  0.341796957354446     
  0.407070525840597     
  0.470623425647249     
  0.530962526657855     
  0.587700122696889     
  0.641105293979130     
  0.691385344535301     
  0.738337494891251     
  0.781334649958184     
  0.819616638915708     
  0.852485591301158     
  0.878943461416220     
  0.898412572651042     
  0.979163412103821     
  0.236569315193923     
 -8.196990766793675E-003
 -3.215260059329244E-005
  5.082009562612393E-007
 -2.725128667885229E-012
 -4.239850483438381E-016
  4.840986803538642E-025
  5.728254723751731E-034
 -1.751683217612000E-046
  4.381018961383198E-058
 -3.709206543729049E-068
 -2.023587249341304E-079
  1.930334096050513E-085
 -3.511396170736843E-097
  1.544267276838329E-084
 -1.043750806087762E-079
 -1.186945968221895E-066
  7.730869233364476E-062
  3.421138828921468E-049
 -1.793665075348060E-043
 -2.196787704227388E-031
 -4.122313214887231E-026
  2.026766995440248E-015
  9.922632540482935E-013
 -2.414454147323878E-007
 -5.097571253625917E-006
  4.958535050235549E-004
  3.426981193180902E-003
  9.282771590888816E-003
  1.833030494939152E-002
  3.113358305544177E-002
  4.863866446685303E-002
  7.227498806612841E-002
  0.103990370451998     
  0.146023746871339     
  0.200204938674181     
  0.266825843710792     
  0.343652337712860     
  0.425985806294004     
  0.507132439195245     
  0.581075136518702     
  0.644998471590054     
  0.699044928201102     
  0.745850356003426     
  0.788224790833980     
  0.828057965934324     
  0.865069211655716     
  0.894712467685700     
  0.977792731701599     
  0.794616672476930     
  3.216732634566614E-002
 -1.893469998744861E-003
  7.437238193967936E-006
  1.058993266584373E-008
 -1.146709133367697E-013
  1.911004699655363E-019
  3.429396566202075E-028
 -7.650865407457873E-039
  1.218836390400165E-048
 -1.103275245496669E-060
 -3.477380566678010E-069
  4.668548758207555E-084
  8.322984154825683E-097
  7.316706786694448E-099
 -1.608611746709738E-086
  6.323030962565221E-081
  1.854603075139802E-068
  6.054990547185470E-063
  1.603658826064826E-050
 -3.500205148519641E-046
 -1.517836970329250E-033
 -3.608532763787408E-028
  1.903085273964546E-016
  9.681431230867300E-014
 -7.002264728726422E-008
 -1.534388005891086E-006
  1.893889399612364E-004
  1.320807277520014E-003
  3.593979350055664E-003
  7.079501572034284E-003
  1.192269836530914E-002
  1.838145736391535E-002
  2.690789306300686E-002
  3.831791540732093E-002
  5.410239555122651E-002
  7.687431492862264E-002
  0.110710861412833     
  0.160754326494108     
  0.231298795109957     
  0.323077040665972     
  0.431442756929574     
  0.548222506691519     
  0.659163783991112     
  0.753190541819223     
  0.829710990512229     
  0.888365272637623     
  0.934364139714793     
   1.01227371733915     
  0.778559680479410     
  9.271711078660112E-002
 -2.779060427402022E-003
 -4.089588605075714E-006
  2.173714572318154E-008
  3.552275856825478E-013
  1.689508140588371E-015
  2.474376376949966E-019
  8.836624569986331E-029
  3.568266409548362E-041
  3.712173208462058E-052
  3.924834668245541E-064
 -3.622265874084985E-071
 -5.270599910991733E-082
  3.250593633683829E-099
  1.715969351755814E-100
  1.508073512534582E-087
 -1.319061632301187E-082
  7.244543263014527E-070
 -3.324897619668528E-065
  1.044048714231543E-053
  1.640958742453986E-047
 -1.354599488708584E-035
  3.241762731030413E-030
  5.813735544631620E-018
  3.038652368564634E-015
 -1.072982216876042E-008
 -2.407727085130222E-007
  2.753875749018490E-005
  1.921591231909328E-004
  5.194105746436689E-004
  1.006121340736870E-003
  1.646122332053165E-003
  2.426887643248739E-003
  3.324719001794404E-003
  4.301007511069268E-003
  5.307182978333919E-003
  6.308265971053235E-003
  7.384701633697034E-003
  9.127217943220994E-003
  1.352437407048644E-002
  2.510168138668978E-002
  5.104517910786256E-002
  9.818628359929459E-002
  0.170976235542382     
  0.269809557558096     
  0.368774522781537     
  0.433424153805099     
  0.428470812293047     
  0.177746845479341     
  2.296744418693126E-002
 -1.236696466195930E-003
  3.118447397765541E-005
  1.125099841907304E-008
 -8.731784913967654E-011
  2.110033709478669E-015
  5.563427662947457E-018
  1.057447585746938E-026
  7.068639363411788E-036
  8.862726224887887E-044
  1.223352979581164E-054
 -3.445440379971392E-066
 -1.131959929833389E-072
  1.081046439273729E-083
  8.345458890447349E-090
  1.429160564966294E-101
 -3.927274772035005E-090
 -1.028952972148229E-084
  2.263919770116665E-072
  2.935750538699114E-067
  9.787956702672862E-055
  4.276237927487099E-049
 -2.470567351243143E-038
  4.530616449035895E-032
 -2.047369501351999E-021
  3.874184926962068E-018
 -3.222722343022637E-010
 -7.261231833953437E-009
 -6.406606913114427E-009
 -1.918829913215634E-007
 -1.286550418663321E-006
 -4.692229219514020E-006
 -1.243675704263165E-005
 -2.715069097376590E-005
 -5.209124112938412E-005
 -9.132762471506879E-005
 -1.503674726762241E-004
 -2.379284737768381E-004
 -3.702908924055933E-004
 -5.809737485125041E-004
 -9.401886149071802E-004
 -1.588899044082800E-003
 -2.791009208005710E-003
 -4.863476732029661E-003
 -7.643168858920367E-003
 -9.975068520334220E-003
 -9.695112932677108E-003
 -6.772148537047220E-003
 -7.099554012261348E-003
 -4.812906685868707E-003
 -1.080617417412550E-003
  1.050552317230322E-007
  1.383042032911402E-008
  5.593309323911618E-012
  4.331699689248211E-013
  1.563809773645981E-017
  3.393667817292771E-022
  3.122361260190889E-031
  3.040612054097790E-036
  4.219282915173827E-044
 -1.020463874186613E-056
  2.298130112892068E-069
  3.095202809047711E-074
 -4.830130696908413E-086
  1.840910049232652E-091
  7.812421447676757E-103
  6.272730538943931E-091
  1.613499021980875E-086
  2.829899712115050E-073
  3.257584027794546E-068
 -8.666419996586925E-056
 -7.728280598365584E-051
  5.843091354303690E-039
  4.146099185834058E-035
 -8.982172683496506E-022
 -3.333164538620433E-019
  2.411959337602776E-013
 -1.402540215528814E-011
 -1.656885138420648E-010
 -3.602304953578838E-009
 -2.405371188759547E-008
 -8.614489912642256E-008
 -2.210750567094971E-007
 -4.598275821058214E-007
 -8.233420599497120E-007
 -1.310356307815511E-006
 -1.883837854649838E-006
 -2.459572290214696E-006
 -2.906295588897066E-006
 -3.084579494121349E-006
 -3.004199836546146E-006
 -3.243303524981252E-006
 -6.028473055244080E-006
 -1.811610399789475E-005
 -5.888388900953803E-005
 -1.674789231937387E-004
 -3.173686572799659E-004
 -3.666559527379383E-004
 -2.578909905313028E-004
 -2.646214982312954E-006
  2.010723162613730E-006
 -1.280215332200076E-009
 -8.493017575152925E-011
  4.023742585025237E-013
  1.331450559253263E-013
  5.906874917597564E-022
  1.353708664718164E-025
  4.597489011566997E-036
  7.020505306268639E-042
  2.256994060404927E-050
 -2.190505429249345E-058
 -1.992406613992569E-070
 -1.554510337629186E-076
 -3.518813373469283E-087
 -2.157316464440593E-093
 -1.743764658811785E-105
 -1.116198624299097E-103
 -9.422050360687182E-089
  2.266130628857410E-074
 -6.569469704127869E-071
  2.787910844069668E-058
 -8.694741630536558E-054
  4.304788558941924E-041
 -4.265248599299801E-039
 -1.436539962578308E-024
 -5.629406232005902E-022
  3.651104067339159E-014
  8.137343833302222E-014
 -4.717778954279092E-018
  3.720874276375300E-015
  1.379202874409204E-013
  1.674688508836196E-012
  1.101522250901792E-011
  4.915518692406038E-011
  1.675753128508502E-010
  4.685626806302825E-010
  1.129432849067006E-009
  2.424576053057688E-009
  4.765136138517939E-009
  9.027179050319560E-009
  1.766376636622333E-008
  3.822453644875968E-008
  9.625593246623939E-008
  2.722725934562970E-007
  7.294081256923057E-007
  1.661157940893015E-006
  2.566062073127707E-006
  2.653310631774228E-006
  1.897484578274242E-006
  7.482064429093686E-008
  3.508042646758837E-009
  3.788530341130123E-013
  2.296705732985639E-014
  4.110701823240424E-019
  6.783121420407084E-022
  3.615112422577619E-028
 -3.340142787986651E-030
  2.168338104490601E-040
 -1.494333958985256E-044
  9.204531039460955E-058
 -6.903659057559664E-061
 -1.384120653473557E-072
  2.159042138773673E-078
  1.717797858250391E-089
  1.797763720217912E-094
 -5.454919661699262E-107
 -5.992545734007964E-094
 -4.327417026050302E-091
  3.454467422305888E-077
  1.256308237580722E-073
  2.559215032898044E-059
 -2.973771567450335E-057
  3.985774614400762E-044
 -7.142760812284493E-041
  4.077582281312801E-032
 -3.158830690682665E-027
 -5.307537638704359E-022
 -4.481454605691190E-019
 -1.995294135106799E-021
  1.498865965326656E-018
  5.542192987602663E-017
  6.547020305408839E-016
  4.103225412193830E-015
  1.706358719724905E-014
  5.278256846176125E-014
  1.293850590335321E-013
  2.602585795878659E-013
  4.366068392155406E-013
  6.124957571276276E-013
  7.137064930080174E-013
  6.909714013406383E-013
  5.862312884688958E-013
  5.384829055198073E-013
  1.327499828579705E-012
  1.080887804391292E-011
  8.817922463039271E-011
  2.823976313963712E-010
  2.833355196246708E-010
  9.497461249840494E-011
  1.200342548913859E-012
  2.962654531393598E-014
  2.890819923189363E-016
  1.368890002461861E-017
  2.233080187466756E-022
  1.761589510230937E-025
 -4.234649164424079E-030
  9.347845060161286E-031
 -6.227993174727119E-045
  5.042135898734211E-056
  3.595519946562451E-060
  1.187461135986555E-066
 -1.535318854241805E-077
 -8.236093888417866E-084
 -9.653514027887185E-095
  3.326531125006368E-111
 -1.016440065972991E-111
  5.580993121495483E-104
  8.522731710585483E-094
 -6.434621873289737E-086
  2.878671376206035E-078
  3.709193576426005E-068
 -3.318941481513868E-060
 -2.138585762330814E-050
  1.295422580353671E-043
  1.033549657915408E-032
  8.693219778817688E-031
 -5.382029656887838E-025
 -2.160510098963317E-022
 -1.916300294665300E-032
 -1.140150527077244E-030
 -1.611248398913917E-028
 -4.859383176161433E-026
 -1.991943205442714E-024
 -3.578777937061851E-023
 -3.728958878060675E-022
 -2.607707883706160E-021
 -1.332846299205637E-020
 -5.275431598262164E-020
 -1.694644016208593E-019
 -4.770664662732139E-019
 -1.354205479101994E-018
 -4.789825422742529E-018
 -2.587879555337228E-017
 -1.841478103023436E-016
 -1.163858158351285E-015
 -4.738693854537869E-015
 -9.159019483535904E-015
 -9.381554520537395E-015
 -4.184579505145001E-015
  1.365310800687631E-016
  1.225855464918980E-017
  1.386333872112393E-020
  3.397255330924504E-023
  3.262946622967312E-031
  2.148816162930619E-033
 -2.040851083442664E-041
  2.244267071770215E-044
  1.368455531567204E-048
 -1.045347975480513E-049
  3.241153790551941E-063
 -7.664599592646320E-077
  3.823303787424694E-079
  3.860668055770606E-085
 -5.467313500900880E-097
 -6.697176607998879E-103
  4.620182118063349E-113
 -6.976276330446167E-105
 -4.161490093067302E-097
  5.529621576054049E-087
 -3.358509189341939E-078
 -5.795639446703487E-070
  2.700961492123301E-063
  2.969738584228121E-052
  2.197606531886205E-050
  1.094180265798726E-043
  5.612480609313757E-041
 -7.787650074197655E-038
  2.858802261199803E-035
 -2.115889831480118E-037
 -9.027796614315168E-036
 -9.629649721936179E-035
 -7.703719777548943E-033
 -1.355854680848614E-031
 -4.807121141190541E-030
 -4.102076707149261E-029
 -2.151618118990310E-028
 -8.318538245555569E-028
 -2.221432309102369E-027
 -4.248015974615149E-027
 -5.810749427857973E-027
 -5.702675483842694E-027
 -4.169129884093047E-027
 -2.460457163384336E-027
 -2.483334129635745E-027
 -3.541038831356078E-025
 -1.301729040875228E-023
 -6.940360378811011E-023
 -4.932024012669080E-023
  5.125753104861980E-024
  1.022165729079221E-024
  3.734871816530196E-026
  6.099660875117424E-031
  2.362273447412469E-033
  1.671406030075440E-037
  3.300338143177809E-041
  2.490589067452312E-044
 -2.736911063134408E-048
  1.235411243775862E-049
  1.080120831080177E-063
 -2.060670083696043E-067
 -3.091005125452908E-069
 -5.838903171275333E-083
  9.048441074404475E-087
 -4.224504838350388E-098
 -3.488120700212776E-104
  1.506007963679951E-121
 -3.270113193221437E-106
  3.931876160928283E-098
 -9.425459307719468E-089
 -1.054219794323052E-081
  8.049492596975962E-072
  1.056093418000015E-068
 -4.321484809981394E-063
  5.642503276895874E-051
 -8.552847072295026E-050
 -1.494900822684014E-044
  4.376535363779269E-041
  1.102025953895895E-039
 -6.414635304221270E-050
 -3.694829935231451E-047
 -8.057466169867698E-045
  0.000000000000000E+000
  0.000000000000000E+000
  1.377532442369868E-040
  1.469367938527859E-039
 -8.816207631167156E-039
  1.175494350822288E-037
  3.761581922631320E-037
  9.403954806578300E-037
  2.256949153578792E-036
  0.000000000000000E+000
  0.000000000000000E+000
  7.222237291452134E-035
  3.851859888774472E-034
  6.162975822039155E-033
  5.546678239835239E-032
  1.109335647967048E-031
  1.232595164407831E-031
  4.314083075427408E-032
 -1.155557966632342E-033
  4.814824860968090E-035
 -5.466048731323637E-037
  6.938669475950764E-040
 -7.007347606331315E-046
 -4.009147065138293E-051
 -4.640198809555494E-053
 -2.761463029550882E-060
 -2.706236807541543E-064
  1.483682460274969E-067
 -9.273015376716445E-069
  2.924456155516524E-083
  6.412105157040444E-086
 -6.981821801056650E-090
  2.809487440118865E-102
  1.144539605064691E-105
 -1.090589115720083E-117
  6.812735732733312E-108
  1.588935871517754E-102
 -9.818186150316037E-091
  1.982837395908625E-087
  1.229923428504342E-081
 -4.266231032597987E-070
  9.273015376718553E-069
  2.160784133559892E-063
 -4.200535312556271E-060
 -3.962816128941975E-057
 -2.854820704749354E-054
 -4.259718756709437E-051
  2.610121787199410E-054
  2.088097429759528E-053
  8.143579976062159E-052
 -4.276423536147513E-050
  6.842277657836021E-049
  2.736911063134408E-047
  3.065340390710537E-046
 -7.006492321624085E-046
 -1.401298464324817E-045
  5.605193857299268E-045
  1.121038771459854E-044
  3.363116314379561E-044
  0.000000000000000E+000
 -2.242077542919707E-044
  0.000000000000000E+000
  1.121038771459854E-044
  3.587324068671532E-043
 -1.147943701974890E-041
 -9.183549615799121E-041
 -9.183549615799121E-041
 -1.022387359571387E-041
 -4.304788882405838E-042
 -6.726232628759122E-044
 -1.868626028355017E-045
  2.672764710092196E-051
  1.299274783778472E-052
  1.493523666686674E-058
  1.633541510438550E-060
  0.000000000000000E+000
  1.854603075343711E-067
  8.500264095324989E-069
 -1.025007405002821E-082
 -5.227988176803467E-086
  2.932365163271137E-087
  1.428734239102844E-101
 -9.883008652580573E-105
 -2.838639892845281E-107
  4.990668365265013E-120
  1.301043280922025E-109
  1.438244213188962E-107
 -1.523983915068179E-100
 -1.254546107800340E-088
  2.199273872453381E-088
 -7.614041980696569E-082
  1.931878203623595E-070
  9.273015376718553E-069
  1.620255430743279E-063
 -2.039767833331995E-060
  4.729491611174468E-059
 -6.372367644529809E-057
  1.038577722192478E-066
 -9.305656390844603E-064
  2.917038411497410E-062
  4.667261458395856E-061
  0.000000000000000E+000
  3.540205935061938E-059
  0.000000000000000E+000
  3.058736469374308E-056
 -8.156630584998156E-056
  8.156630584998156E-056
  5.435629600783927E-055
 -1.305060893599705E-054
  1.529368234687154E-055
  0.000000000000000E+000
  2.088097429759528E-053
  3.758575373567150E-052
 -1.069105884036878E-050
 -4.276423536147513E-050
 -3.421138828918010E-049
  1.710569414459005E-049
 -4.276423536147513E-050
 -2.970318593832928E-051
 -8.156630584998156E-056
  0.000000000000000E+000
 -7.965459555662261E-059
 -4.978431213424405E-060
 -1.846344296023821E-066
  2.263919769706678E-072
 -8.636168555094445E-078
 -4.796700064169888E-079
 -8.763716796069319E-083
  9.651670480252554E-086
  2.234182981540007E-088
  1.824984750729023E-101
  4.659911248904920E-105
  4.891922749519925E-107
  2.105721853699317E-120
 -2.941421810336147E-124
 -8.046382796806332E-120
  1.774149933357383E-109
  3.167922120966064E-106
  3.811120677841228E-101
 -3.490910908513923E-089
 -5.026911708464872E-088
  1.288498009113716E-081
  7.084357017850912E-079
 -2.115861295998139E-076
  4.698075693971378E-074
  1.969610199644810E-070
  3.245555381851494E-068
  0.000000000000000E+000
  5.433407447296027E-071
 -1.738690383134729E-069
  0.000000000000000E+000
  8.902094761649811E-067
  5.697340647455879E-065
  3.038581678643136E-064
 -1.215432671457254E-063
  0.000000000000000E+000
 -4.861730685829017E-062
 -5.834076822994820E-062
  0.000000000000000E+000
  7.778769097326427E-062
  3.889384548663214E-062
 -1.944692274331607E-062
 -4.861730685829017E-063
 -1.215432671457254E-063
 -1.944692274331607E-062
  1.215432671457254E-063
  0.000000000000000E+000
  1.186945968219975E-066
 -7.596454196607839E-065
  3.166734751149386E-066
 -2.173362978918411E-070
 -2.263919769706678E-072
  1.768687320083342E-073
 -4.007182209563822E-075
  0.000000000000000E+000
 -3.294436857259539E-083
 -7.721336384202043E-085
 -9.651670480252554E-086
  7.819640435390309E-088
  1.116198624299097E-101
 -1.395248280373871E-104
 -9.689224169264506E-107
  1.064962776583563E-120
  1.181821263076574E-123
 -1.313134736743389E-126
 -1.421878707139003E-125
  2.753879907221033E-120
 -9.083647658353594E-108
  4.360150876168346E-106
 -6.984961703621691E-101
  3.490910908696801E-089
  1.508073512539462E-087
 -1.025007405002821E-082
 -2.424705526943020E-079
  1.295425283264167E-077
  2.245403824324556E-076
 -8.843436600416711E-075
 -2.059023035787212E-083
 -1.054219794323052E-081
  5.060255012750651E-080
  2.705823942019048E-079
  5.949357631787855E-077
  0.000000000000000E+000
  2.210859150104178E-075
  1.768687320083342E-074
 -7.074749280333369E-074
  1.414949856066674E-073
 -3.395879654560017E-072
  1.131959884853339E-072
  3.380163986831884E-073
 -1.131959884853339E-072
  0.000000000000000E+000
 -5.895601910255529E-075
 -1.609898502668256E-071
  5.795634610449096E-070
  0.000000000000000E+000
 -4.527839539413356E-072
  7.074749280333369E-073
  8.290721812890667E-075
 -1.919523401503414E-077
  2.108439588646105E-081
  0.000000000000000E+000
 -2.573778794734014E-085
 -1.508073512539462E-087
  1.374546170283363E-088
 -4.194782013804210E-094
 -1.638586724142269E-096
  9.601094086771110E-099
 -7.952915198131064E-102
 -6.976241401869354E-105
  4.844612084631386E-106
 -3.273550353021064E-120
  5.672742062767556E-124
 -1.116164526238867E-125
  2.015362832270127E-138
  1.090004420107489E-127
 -7.201723321872874E-126
 -1.996538114488724E-119
 -1.324698616896932E-108
 -2.452584867844695E-106
  8.889998824437165E-101
  1.920218817354222E-098
  1.310869379313816E-095
  7.670458539527698E-093
  6.381821504887045E-090
 -2.827637836011490E-088
 -1.286889397367007E-085
  2.356364863342909E-089
  6.283639635581090E-089
  8.043058733543795E-087
 -9.651670480252554E-086
  2.573778794734014E-084
 -3.294436857259539E-083
  3.953324228711446E-082
  1.581329691484578E-081
 -4.216879177292209E-081
  1.349401336733507E-079
  1.686751670916884E-080
 -3.373503341833767E-080
 -6.747006683667535E-080
 -9.370842611404907E-081
  3.373503341833767E-080
 -1.054219786468503E-081
  4.216879177292209E-081
  2.108439588646105E-081
 -2.635549485807631E-082
 -8.236092143148846E-084
 -5.147557589468029E-085
  0.000000000000000E+000
  5.026911708464872E-087
  7.540367562697308E-088
  5.890912158357272E-090
  0.000000000000000E+000
  1.534091707905540E-092
 -1.647950076851654E-094
  7.143671195514219E-102
  5.357753396635664E-102
  0.000000000000000E+000
 -3.875689667775695E-106
 -1.211153021229474E-107
  5.203795385578771E-121
  9.454570104612593E-124
  1.707075157777222E-125
 -4.001859790640551E-140
  6.406665904585923E-143
 -2.687129941695941E-138
  1.436241118274454E-127
 -1.772731894614861E-125
 -4.130926224745227E-120
 -2.365533242245898E-110
  1.822406811523489E-106
  1.079494874223512E-100
 -4.891986034688137E-098
 -4.681676354692198E-097
  7.490682167507517E-095
  1.438210976161443E-093
  1.534091707905540E-091
  5.714936956411375E-101
  3.657559652103280E-099
  0.000000000000000E+000
 -1.872670541876879E-096
 -5.992545734006014E-095
  9.588073174409622E-094
 -2.397018293602406E-093
 -4.681676354692198E-097
 -6.136366831622158E-092
  2.454546732648863E-091
 -4.909093465297727E-091
 -1.534091707905540E-091
  0.000000000000000E+000
 -2.945456079178636E-090
 -3.068183415811079E-092
  0.000000000000000E+000
  1.994319220277201E-091
 -3.835229269763849E-093
 -3.835229269763849E-093
  2.397018293602406E-094
  0.000000000000000E+000
  2.340838177346099E-097
  2.926047721682624E-098
 -2.743169739077460E-099
 -4.643386277084242E-101
  2.790496560747742E-103
 -3.488120700934677E-105
 -2.180075438084173E-106
  4.158163906257960E-111
  0.000000000000000E+000
  1.624282775882016E-114
  3.101791220117710E-116
  5.162195277118476E-121
  1.181821263076574E-124
  9.848510525645284E-126
 -1.358623198390109E-138
 -8.200532357869981E-143
 -3.701629189318383E-144
 -2.434533043742651E-143
 -4.777138119753579E-138
 -2.954553157691435E-126
 -7.090927578459445E-124
 -2.643679328995690E-118
  2.855184566980105E-116
 -1.218212081911512E-114
  3.999796335609463E-112
  1.709836998253273E-108
 -1.362547148802608E-107
 -1.046436210280403E-104
  2.009157523738374E-102
  9.425459453371635E-089
 -2.764801439655680E-087
  0.000000000000000E+000
 -1.372682023857829E-084
 -1.647218428629769E-083
  5.271098971615262E-082
 -8.433758354584419E-081
 -8.236092158489763E-084
  1.349401336733507E-079
  1.686751670910747E-080
 -1.499334818589376E-080
 -5.397605346934028E-079
 -1.619281604080208E-078
 -6.747006683667535E-079
 -1.079521069386806E-078
  4.722904678567274E-079
  0.000000000000000E+000
 -1.686751670916884E-080
  7.028131962204819E-082
  6.668946832574805E-083
  1.647218428629769E-083
 -8.007311805834995E-085
  6.434446986835036E-086
 -1.005382341692974E-087
 -1.396364363487864E-089
 -2.454546732648863E-091
  1.629972439649636E-092
  2.397018293602406E-094
 -2.790496560747742E-104
  2.790496560747742E-104
  8.720301752336693E-106
  1.362547148802608E-107
 -1.419319946933753E-108
  1.376585407231594E-120
 -1.477276578845718E-125
  1.641418420700829E-127
 -1.268909374395012E-138
  0.000000000000000E+000
 -1.433157836990789E-137
  6.565673684523090E-127
  2.363642526153148E-124
 -5.495752510409208E-120
 -1.002986095663989E-107
  1.880315065347599E-105
 -2.031900070708468E-100
 -1.426448264320279E-097
  2.715372285721475E-095
 -1.677912805521684E-093
  4.602275123716619E-092
 -3.927274772238181E-090
 -1.235413821472327E-083
  3.162659382969157E-081
 -8.433758354584419E-081
 -6.747006683667535E-080
  2.159042138773611E-078
 -8.636168555094445E-077
  2.763573937630222E-076
  2.210859150104178E-075
  8.843436600416711E-075
  3.537374640166685E-074
  1.768687320083342E-074
  3.537374640166685E-074
  0.000000000000000E+000
  1.768687320083342E-074
  0.000000000000000E+000
  8.843436600416711E-075
  8.843436600416711E-075
 -2.210859150104178E-075
  5.527147875260445E-076
 -1.381786968815111E-076
 -1.956631938263585E-078
 -5.397605346934028E-079
  1.012051002550130E-079
 -1.054219794323052E-081
  5.662313348414832E-084
  6.434446986835036E-086
 -1.256727927116218E-087
 -1.718182712854204E-090
  3.595527440403608E-094
  1.498136433501503E-095
 -5.193734705986658E-097
 -2.920978435867956E-100
  5.450188595210433E-107
  4.731066488457330E-109
  1.101570872028622E-119
 -1.311082963725574E-125
  5.514140005933396E-128
 -8.061410326418717E-138
  5.580822631156716E-126
  5.672742062767556E-124
  1.156573779069217E-118
  3.936247318586844E-107
 -1.962067894275756E-105
  1.930378317707764E-099
  5.852095443365248E-098
 -5.992545734006014E-095
  0.000000000000000E+000
 -1.319318868798764E-090
  3.141819817790545E-088
 -3.538945842759270E-085
  3.169487677589349E-071
 -1.159126922089819E-069
 -3.709206150687421E-068
 -5.934729841099874E-067
  0.000000000000000E+000
  0.000000000000000E+000
 -4.861730685829017E-063
 -4.861730685829017E-063
 -7.778769097326427E-062
 -3.889384548663214E-062
 -3.111507638930571E-061
  3.111507638930571E-061
  6.223015277861142E-061
 -1.555753819465285E-061
  3.889384548663214E-061
 -1.166815364598964E-061
  3.111507638930571E-061
  3.889384548663214E-062
 -1.458519205748705E-062
 -2.363341305610099E-064
 -3.798227098303919E-065
 -1.186945968219975E-066
  4.121340167397483E-068
  4.346725957836822E-070
  0.000000000000000E+000
  2.829899712133348E-073
  8.843436600416711E-075
 -3.454467422037778E-077
  3.217223493417518E-086
 -8.043058733543795E-087
  5.026911708464872E-088
  6.981821814467554E-090
  1.143004831885780E-100
  2.656966940165086E-106
 -2.188118251208930E-108
 -7.914231543169110E-120
 -1.641418420941597E-125
  1.744007072343960E-126
 -2.422733589306977E-124
 -4.185848295211426E-118
 -1.665335403968705E-107
 -2.398082981892590E-105
  0.000000000000000E+000
  6.283639635581090E-089
 -7.037676391850821E-087
 -4.794036587204811E-094
 -6.747006683667535E-079
  0.000000000000000E+000
 -2.210859150104178E-074
  1.131959884853339E-072
  1.186945968219975E-066
 -3.418404388473528E-064
  1.580062472894431E-062
  3.111507638930571E-061
 -4.978412222288913E-060
 -3.186183822264905E-058
 -9.736101871441189E-059
 -1.911710293358943E-057
  2.548947057811924E-057
 -8.478858316085806E-057
 -1.118773686653876E-056
 -2.039157646249539E-056
  8.156630584998156E-056
  3.058736469374308E-056
  0.000000000000000E+000
 -5.097894115623847E-057
 -5.097894115623847E-057
  1.274473528905962E-057
  1.593091911132452E-058
 -7.191031436134879E-059
  9.956824444577827E-060
 -3.111507638930571E-061
 -4.375557617246115E-062
 -3.798227098303919E-065
  4.154310888769912E-066
  2.781904613015566E-068
  1.946971001947743E-070
 -1.099902427176828E-073
 -1.727233711018889E-077
  2.665067640048676E-078
  1.171354880189017E-081
  7.540367562697308E-088
 -1.309091590807020E-089
  9.207592214257267E-101
 -1.839438650883521E-106
 -3.784853190567588E-109
 -1.789995939625884E-119
 -4.595971612873778E-126
 -3.304618070384821E-119
 -2.195214850786961E-107
 -2.207326381060225E-105
  1.219307472218726E-099
 -4.189093090289858E-088
 -8.043058733543795E-087
 -1.241635931708596E-080
 -2.494705721286071E-077
  2.763573937630222E-076
  3.139419993147933E-073
  2.263919769706678E-071
  2.665991920806584E-068
  6.525304467998525E-054
  1.252858457855717E-052
  2.672764710092196E-050
  1.026341648675403E-048
  1.642146637880645E-047
 -1.751623080406021E-046
  0.000000000000000E+000
  1.121038771459854E-044
  7.847271400218976E-044
  0.000000000000000E+000
  8.968310171678829E-044
  1.793662034335766E-043
  1.793662034335766E-043
 -8.968310171678829E-044
 -1.793662034335766E-043
  8.968310171678829E-044
  8.968310171678829E-044
 -2.242077542919707E-044
  4.904544625136860E-045
  1.751623080406021E-046
  1.094764425253763E-047
  0.000000000000000E+000
  1.336382355046098E-050
 -2.088097429759528E-053
 -3.058736469374308E-054
 -9.176209408122925E-056
  1.593091911132452E-058
  4.200535312556271E-059
 -1.854603075343711E-068
  0.000000000000000E+000
 -1.287918802303280E-070
 -1.405625051920948E-081
 -1.256727927116218E-087
  4.363638636328196E-091
  3.492469951433655E-101
  6.055765100149499E-107
 -9.876658419631701E-117
 -6.609223534675794E-119
  2.081669261107459E-108
  9.689224166330259E-106
 -1.066787650510006E-099
  1.082182381681378E-088
 -1.005382341692974E-087
  4.217007866231946E-081
 -3.348588886089732E-069
  3.709206150687421E-068
 -4.321670270288928E-063
  2.613666416701680E-059
  1.019578823124769E-056
 -2.039157646249539E-055
  4.276423536147513E-049
 -1.642146637880645E-047
  2.101947696487226E-045
  0.000000000000000E+000
 -1.434929627468613E-042
 -8.035605913824231E-041
  9.183549615799121E-041
  3.673419846319648E-040
 -1.469367938527859E-039
  2.938735877055719E-039
 -5.877471754111438E-039
  1.763241526233431E-038
  8.228460455756013E-038
  0.000000000000000E+000
  1.763241526233431E-038
 -2.938735877055719E-039
 -1.469367938527859E-039
  0.000000000000000E+000
 -3.673419846319648E-040
  6.887662211849341E-041
  7.174648137343063E-042
 -1.793662034335766E-043
  8.407790785948902E-045
  2.736911063134408E-047
  0.000000000000000E+000
 -1.520134928864936E-050
  0.000000000000000E+000
 -9.558551466794714E-058
 -7.739875251839795E-060
 -1.431508766559399E-062
  2.897817305224548E-069
  8.451967140378828E-071
  3.953284013417778E-082
 -8.378186182335345E-088
 -4.363638639071366E-090
 -6.190576126268988E-101
  1.703183574981034E-107
  2.863996865026645E-116
 -8.175282658056029E-107
 -6.095932753505380E-100
 -1.570909924257023E-089
 -1.608611745959691E-086
 -9.370999902686810E-081
  6.182010251055742E-069
  0.000000000000000E+000
  1.210029099936933E-061
  1.842012522246898E-058
  7.646841173435771E-057
  3.425784845699225E-054
  8.268865821847730E-051
 -7.993361585591555E-037
 -3.611118645726067E-035
 -1.155557966632342E-033
 -1.232595164407831E-031
 -4.301757123783330E-030
 -6.207349247957837E-029
 -4.900798373685536E-028
 -2.428113866270274E-027
 -8.379280535257587E-027
 -2.107836338750544E-026
 -4.007255626341696E-026
 -5.870229540111637E-026
 -6.725512533552258E-026
 -6.033050430949254E-026
 -4.236340833217878E-026
 -2.288169941684067E-026
 -9.320391595186254E-027
 -2.793356465387603E-027
 -5.709380801537073E-028
 -7.829444484318542E-029
 -6.631361984514130E-030
 -2.403560570595270E-031
 -7.703719777548943E-034
  1.203706215242022E-035
 -1.704466808692317E-037
  7.346839692639297E-039
 -8.896563690305399E-041
 -9.964751066989489E-044
 -2.138211768073757E-050
 -7.424346417787073E-053
 -4.726715581943995E-063
 -2.060670081796086E-069
  4.024746227363329E-071
 -5.856776635124340E-082
  3.141817816373903E-089
  6.908719427155266E-098
 -8.929588994376530E-102
  1.759639673871876E-114
  8.635904734125323E-100
  1.560558784897577E-097
  1.005382351524495E-087
 -5.362039157293876E-085
  3.863756339945798E-070
  3.297072130873737E-068
 -3.457217521634321E-062
 -1.900632682704570E-050
 -6.842277657836021E-049
 -1.355211319583049E-042
 -5.280541029084495E-040
  4.114230227878006E-038
 -5.087031736799305E-032
 -9.829946436152452E-031
 -2.583519464598814E-028
 -2.930144946352926E-026
 -7.788897033790182E-025
 -9.206372795389230E-024
 -6.165989270697099E-023
 -2.680437779454564E-022
 -8.237182073767040E-022
 -1.892984252575564E-021
 -3.376104146702154E-021
 -4.783974031099860E-021
 -5.455882987595168E-021
 -5.026791930562521E-021
 -3.723299072433866E-021
 -2.185777512747709E-021
 -9.916726263322647E-022
 -3.343027423516403E-022
 -7.894445360731305E-023
 -1.195350201173088E-023
 -1.011597359531975E-024
 -3.748982565972337E-026
 -3.048947398679211E-028
  5.139921835580655E-030
  9.316686105973253E-032
  1.008103955265194E-034
  8.375397249608798E-038
 -2.040290564056934E-041
 -1.993018636174476E-044
 -6.177056217109639E-050
  2.969738611453813E-052
 -2.700961492087927E-064
 -1.738690534267678E-069
 -3.898270528340970E-079
 -1.244542693056097E-082
 -2.021858646186479E-095
 -1.943078565085269E-099
 -8.316327812515919E-112
 -3.492857681256686E-110
 -1.404502906407659E-095
 -4.246091566618418E-081
 -3.118719373824688E-078
  7.418412225376559E-068
 -2.074338425953596E-061
 -1.663053597086463E-050
 -1.615537782800537E-049
  1.035715569066638E-042
  3.876103656199590E-040
  1.234269068363402E-037
 -5.115751414778595E-035
 -3.517421572787660E-020
  3.473551267056737E-018
  1.362876042117466E-016
  1.582396049833570E-015
  9.462518529587348E-015
  3.687487415415654E-014
  1.058766575378478E-013
  2.405559447317481E-013
  4.521003458609448E-013
  7.232191967168900E-013
  1.003203560174276E-012
  1.220843153422331E-012
  1.311860634633110E-012
  1.247356894933963E-012
  1.047424624537879E-012
  7.719289880544357E-013
  4.936825765457229E-013
  2.691194847602070E-013
  1.216613127270991E-013
  4.372434968329991E-014
  1.167903209603113E-014
  2.067708395703580E-015
  1.958460885552708E-016
  6.042895121413451E-018
 -4.481106373457544E-021
 -6.673525037953601E-022
 -1.122003472205926E-024
  2.057749153551318E-031
  1.213099106741173E-032
  7.971831263714232E-044
 -7.483721155127365E-050
  7.744196790225438E-060
  5.942222437524263E-063
 -3.876680106954903E-076
  9.171712211309142E-080
 -2.471339905733144E-094
  7.388270497112404E-097
  1.079274542779856E-109
  4.447592536957535E-096
 -1.390270610289395E-092
  2.403621131057556E-079
  1.899950676271263E-076
  3.457276868954785E-062
 -5.642200518593951E-059
 -6.843973625250407E-049
  1.594366252742540E-043
 -1.811806622244275E-031
  1.472266325561323E-031
 -9.170162699333002E-024
 -4.057671530269398E-021
 -7.483214974893011E-019
  2.294988953610422E-015
  7.496249796938605E-014
  7.760397180325448E-013
  4.185504063497437E-012
  1.481457328689787E-011
  3.895250550982124E-011
  8.188885122126482E-011
  1.441826481533993E-010
  2.191547557833448E-010
  2.933290929057669E-010
  3.500734232539728E-010
  3.751074956034701E-010
  3.616296284173081E-010
  3.129149949019935E-010
  2.412520129328659E-010
  1.635741886300722E-010
  9.554577163472656E-011
  4.660316614838742E-011
  1.810398399833064E-011
  5.201765611462090E-012
  9.778643474426250E-013
  9.621200078188197E-014
  3.056057325897560E-015
  3.870734600979627E-018
 -2.616031936404988E-019
 -4.811548674297052E-022
 -2.384195131346603E-027
  5.720466149520668E-031
 -6.505014311188260E-041
  1.992953132442112E-044
 -1.426591680135355E-057
  3.539339939283527E-060
  2.314493172765311E-074
 -9.715689624816419E-078
 -6.103281320786264E-090
 -8.239750384252223E-095
 -5.878350112456127E-108
  1.183527782464638E-093
  1.022727805270350E-090
  1.295425283227839E-077
 -7.822449562347947E-074
  1.742444277807558E-059
 -1.085072601693290E-056
  1.116027333673806E-042
  4.081577607020904E-041
 -2.214906892825022E-031
 -5.871694908134412E-026
 -1.551658664182280E-021
 -9.338264599368890E-019
 -4.023361044651893E-010
 -1.060585140022423E-008
 -6.877981369502999E-008
 -2.365179592965284E-007
 -5.775307759679879E-007
 -1.134526787657151E-006
 -1.911072230889461E-006
 -2.863315767382525E-006
 -3.903051293314171E-006
 -4.911113974653073E-006
 -5.758004106036788E-006
 -6.327368996594252E-006
 -6.537601207946556E-006
 -6.357284559114486E-006
 -5.811423488923538E-006
 -4.977129091720466E-006
 -3.969441038886774E-006
 -2.919911750780246E-006
 -1.952164261345697E-006
 -1.159520459893796E-006
 -5.897782623736650E-007
 -2.410057338968073E-007
 -6.992003516571448E-008
 -1.071846678900253E-008
 -3.220511639970872E-010
  2.422151826833647E-013
  3.653127872681335E-014
 -3.430716079127565E-022
 -3.730932657052865E-025
 -1.924718940304105E-039
  3.443831141836237E-041
  1.742063705844592E-054
 -7.965459555739687E-059
  1.764128037213799E-070
 -1.312697620374356E-075
  1.276581630636219E-088
  9.588073167464311E-094
 -1.091173174999430E-105
 -1.534091707925389E-092
 -7.636367612717102E-091
 -6.079862662643521E-075
  8.428777684258806E-072
 -3.186183822388560E-058
 -3.588917457398892E-054
 -1.262738115996820E-040
  5.413702498509305E-038
 -8.253024825589399E-024
 -1.396251244194655E-021
 -5.790258903072828E-014
 -4.180487144596970E-014
 -7.765566750937727E-009
 -2.252017065054568E-007
 -1.394528495038056E-006
 -4.554085783081838E-006
 -1.052721380615696E-005
 -1.959010358180370E-005
 -3.137424466650325E-005
 -4.495844302410713E-005
 -5.905811865915306E-005
 -7.224149954608179E-005
 -8.313098116930888E-005
 -9.057009223220234E-005
 -9.374972276089731E-005
 -9.229320109861213E-005
 -8.630123958080409E-005
 -7.635640487746457E-005
 -6.348348405607486E-005
 -4.905791506166833E-005
 -3.465098647211327E-005
 -2.180310495574650E-005
 -1.173401554595446E-005
 -5.042937325955890E-006
 -1.520976544143229E-006
 -2.392981831730542E-007
 -7.231977670057765E-009
 -1.404463513538192E-011
  8.115318381029962E-014
 -2.960392470409599E-019
 -1.491218898611354E-022
  6.977734466481099E-035
  1.890065804721554E-040
 -3.006425278555860E-051
  7.253598942140197E-067
 -6.953000706051424E-069
  5.306061960066984E-074
 -7.974549606941098E-089
 -2.454546732140871E-091
  5.301943465420713E-103
  7.363640197978297E-091
  1.610008111072293E-086
  7.074749280296753E-073
  2.375103385063281E-069
 -4.078315293026613E-056
  3.591436949957674E-051
 -1.228033841560582E-041
 -4.685259261410690E-035
 -3.416317710799016E-021
 -8.152277998794856E-019
 -4.323070405636570E-014
 -3.033807892934420E-011
