          48          52
          48          52
          48          52
          48          52
          48          52
          48          52
          48          52
          48          52
          48          52
          48          52
          48          52
          48          52
          48          52
          48          52
          48          52
          48          52
          48          52
          48          52
          48          52
          48          52
          48          52
          48          52
          48          52
          48          52
          48          52
          48          52
          48          52
          48          52
          48          52
          48          52
          48          52
          48          52
          48          52
          48          52
          48          52
          48          52
          48          52
          48          52
          48          52
          48          52
          48          52
          48          52
          48          52
          48          52
          48          52
          48          52
          48          52
          48          52
          48          52
          48          52
          48          52
          48          52
          48          52
          48          52
          48          52
          48          52
          48          52
          48          52
          48          52
          48          52
          48          52
          48          52
          48          52
          48          52
          48          52
          48          52
          48          52
          48          52
          48          52
          48          52
          48          52
          48          52
          48          52
          48          52
          48          52
          48          52
          48          52
          48          52
          48          52
          48          52
          48          52
          48          52
          48          52
          48          52
          48          52
          48          52
          48          52
          48          52
          48          52
          48          52
          48          52
          48          52
          48          52
          48          52
          48          52
          48          52
          48          52
          48          52
          48          52
          48          52
          48          52
          48          52
          48          52
          48          52
          48          52
          48          52
          48          52
          48          52
          48          52
          48          52
          48          52
          48          52
          48          52
          48          52
          48          52
          48          52
          48          52
          48          52
          48          52
          48          52
          48          52
          48          52
          48          52
          48          52
          48          52
          48          52
          48          52
          48          52
          48          52
          48          52
          48          52
          48          52
          48          52
          48          52
          48          52
          48          52
          48          52
          48          52
          48          52
          48          52
          48          52
          48          52
          48          52
          48          52
          48          52
          48          52
          48          52
          48          52
          48          52
          48          52
          48          52
          48          52
          48          52
          48          52
          48          52
          48          52
          48          53
          48          53
          48          53
          48          53
          48          53
          48          53
          48          53
          48          53
          48          53
          48          53
          48          53
          48          53
          48          53
          48          53
          48          53
          48          53
          48          53
          48          53
          48          53
          48          53
          48          53
          48          53
          48          53
          48          53
          48          53
          48          53
          48          53
          48          53
          48          53
          48          53
          48          53
          48          53
          48          53
          48          53
          48          53
          48          53
          48          53
          48          53
          48          53
          48          53
          48          53
          48          53
          48          53
          48          53
          48          53
          48          53
          48          53
          48          53
          48          53
          48          53
          48          53
          48          53
          48          53
          48          53
          48          53
          48          53
          48          53
          48          53
          48          53
          48          53
          48          53
          48          53
          48          53
          48          53
          48          53
          48          53
          48          53
          48          53
          48          53
          48          53
          48          53
          48          53
          48          53
          48          53
          48          53
          48          53
          48          53
          48          53
          48          53
          48          53
          48          53
          48          53
          48          53
          48          53
          48          53
          48          53
          48          53
          48          53
          48          53
          48          53
          48          53
          48          53
          48          53
          48          53
          48          53
          48          53
          48          53
          48          53
          48          53
          48          53
          48          53
          48          53
          48          53
          48          53
          48          53
          48          53
          48          53
          48          53
          48          53
          48          53
          48          53
          48          53
          48          53
          48          53
          48          53
          48          53
          48          53
          48          53
          48          53
          48          53
          48          53
          48          53
          48          53
          48          53
          48          53
          48          53
          48          53
          48          53
          48          53
          48          53
          48          53
          48          53
          48          53
          48          53
          48          53
          48          53
          48          53
          48          53
          48          53
          48          53
          48          53
          48          53
          48          53
          48          53
          52          56
          52          56
          51          55
          51          55
          51          55
          51          55
          51          57
          51          57
          52          56
          51          57
          51          57
          51          57
          51          57
          50          56
          50          56
          50          56
          50          56
          50          56
          50          56
          50          56
          50          56
          50          56
          50          56
          50          56
          50          56
          50          56
          50          56
          50          56
          50          56
          50          56
          50          56
          50          56
          50          56
          50          56
          50          56
          50          56
          50          56
          50          56
          50          56
          50          56
          50          56
          50          56
          50          56
          50          56
          50          56
          50          56
          50          56
          50          56
          50          56
          50          56
          50          56
          50          56
          50          56
          50          56
          50          56
          50          56
          50          56
          50          56
          50          56
          50          56
          50          56
          50          56
          50          56
          50          56
          50          56
          50          56
          50          56
          50          56
          50          56
          50          56
          50          56
          50          56
          50          56
          50          56
          50          56
          50          56
          50          56
          50          56
          50          56
          50          56
          50          56
          50          56
          50          56
          50          56
          50          56
          50          56
          50          56
          50          56
          50          56
          50          56
          50          56
          50          56
          50          56
          50          56
          50          56
          50          56
          50          56
          50          56
          50          56
          50          56
          50          56
          50          56
          50          56
          50          56
          50          56
          50          56
          50          56
          50          56
          50          56
          50          56
          50          56
          50          56
          50          56
          50          56
          50          56
          50          56
          50          56
          50          56
          50          56
          50          56
          50          56
          50          56
          50          56
          50          56
          50          56
          50          56
          50          56
          50          56
          50          56
          50          56
          50          56
          50          56
          50          56
          50          56
          50          56
          50          56
          50          56
          50          56
          50          56
          50          56
          50          56
          50          56
          50          56
          55          59
          55          59
          54          58
          54          58
          54          58
          54          58
          54          58
          53          57
          53          57
          53          57
          53          57
          53          57
          55          59
          55          59
          55          59
          55          59
          54          60
          54          60
          54          60
          54          60
          54          60
          54          60
          54          60
          53          59
          53          59
          53          59
          53          59
          53          59
          53          59
          53          59
          53          59
          53          59
          53          59
          53          59
          53          59
          53          59
          53          59
          53          59
          53          59
          53          59
          53          59
          53          59
          53          59
          53          59
          53          59
          53          59
          53          59
          53          59
          53          59
          53          59
          53          59
          53          59
          53          59
          53          59
          53          59
          53          59
          53          59
          53          59
          53          59
          53          59
          53          59
          53          59
          53          59
          53          59
          53          59
          53          59
          53          59
          53          59
          53          59
          53          59
          53          59
          53          59
          53          59
          53          59
          53          59
          53          59
          53          59
          53          59
          53          59
          53          59
          53          59
          53          59
          53          59
          53          59
          53          59
          53          59
          53          59
          53          59
          53          59
          53          59
          53          59
          53          59
          53          59
          53          59
          53          59
          53          59
          53          59
          53          59
          53          59
          53          59
          53          59
          53          59
          53          59
          53          59
          53          59
          53          59
          53          59
          53          59
          53          59
          53          59
          53          59
          53          59
          53          59
          53          59
          53          59
          53          59
          53          59
          53          59
          53          59
          53          59
          53          59
          53          59
          53          59
          53          59
          53          59
          53          59
          53          59
          53          59
          53          59
          53          59
          53          59
          53          59
          53          59
          53          59
          53          59
          53          59
          53          59
          58          62
          57          61
          57          61
          57          61
          57          61
          57          61
          56          62
          56          62
          56          62
          56          62
          56          62
          56          62
          56          60
          56          60
          56          60
          56          60
          56          60
          56          60
          56          60
          56          60
          56          62
          57          63
          57          63
          57          63
          56          62
          56          62
          56          62
          56          62
          56          62
          56          62
          56          62
          56          62
          56          62
          56          62
          56          62
          56          62
          56          62
          56          62
          56          62
          56          62
          56          62
          56          62
          56          62
          56          62
          56          62
          56          62
          56          62
          56          62
          56          62
          56          62
          56          62
          56          62
          56          62
          56          62
          56          62
          56          62
          56          62
          56          62
          56          62
          56          62
          56          62
          56          62
          56          62
          56          62
          56          62
          56          62
          56          62
          56          62
          56          62
          56          62
          56          62
          56          62
          56          62
          56          62
          56          62
          56          62
          56          62
          56          62
          56          62
          56          62
          56          62
          56          62
          56          62
          56          62
          56          62
          56          62
          56          62
          56          62
          56          62
          56          62
          56          62
          56          62
          56          62
          56          62
          56          62
          56          62
          56          62
          56          62
          56          62
          56          62
          56          62
          56          62
          56          62
          56          62
          56          62
          56          62
          56          62
          56          62
          56          62
          56          62
          56          62
          56          62
          56          62
          56          62
          56          62
          56          62
          56          62
          56          62
          56          62
          56          62
          56          62
          56          62
          56          62
          56          62
          56          62
          56          62
          56          62
          56          62
          56          62
          56          62
          56          62
          56          62
          60          64
          60          64
          60          64
          60          64
          60          64
          60          64
          60          64
          60          64
          60          64
          60          64
          60          64
          60          64
          60          64
          60          64
          60          64
          60          64
          60          64
          60          64
          60          64
          60          64
          60          64
          60          64
          60          64
          60          64
          60          64
          60          64
          60          64
          60          64
          60          64
          60          64
          60          64
          60          64
          60          64
          60          64
          60          64
          60          64
          60          64
          60          64
          60          64
          60          64
          60          64
          60          64
          60          64
          60          64
          60          64
          60          64
          60          64
          60          64
          60          64
          60          64
          60          64
          60          64
          60          64
          60          64
          60          64
          60          64
          60          64
          60          64
          60          64
          60          64
          60          64
          60          64
          60          64
          60          64
          60          64
          60          64
          60          64
          60          64
          60          64
          60          64
          60          64
          60          64
          60          64
          60          64
          60          64
          60          64
          60          64
          60          64
          60          64
          60          64
          60          64
          60          64
          60          64
          60          64
          60          64
          60          64
          60          64
          60          64
          60          64
          60          64
          60          64
          60          64
          60          64
          60          64
          60          64
          60          64
          60          64
          60          64
          60          64
          60          64
          60          64
          60          64
          60          64
          60          64
          60          64
          60          64
          60          64
          60          64
          60          64
          60          64
          60          64
          60          64
          60          64
          60          64
          60          64
          60          64
          60          64
          60          64
          60          64
          60          64
          60          64
          60          64
          60          64
          60          64
          60          64
          60          64
          60          64
          60          64
          60          64
          60          64
          60          64
          60          64
          60          64
          60          64
          60          64
          60          64
          60          64
          60          64
          60          64
          60          64
          60          64
          60          64
          60          64
          60          64
          60          64
          60          64
          60          64
          60          64
          60          64
          60          64
          60          64
          60          64
          60          64
          60          64
          60          64
          60          64
          60          64
          60          64
          60          64
          60          64
          60          64
          60          64
          60          64
          60          64
          60          64
          60          64
          60          64
          60          64
          60          64
          60          64
          60          64
          60          64
          60          64
          60          64
          60          64
          60          64
          60          64
          60          64
          60          64
          59          65
          59          63
          59          63
          58          64
          58          62
          58          64
          58          64
          59          63
          59          63
          59          63
          59          63
          59          63
          60          64
          60          64
          60          64
          60          64
          60          64
          60          64
          60          64
          60          64
          61          65
          61          65
          61          65
          61          65
          61          65
          61          65
          60          66
          60          66
          60          66
          60          66
          60          66
          60          66
          60          66
          60          66
          59          65
          59          65
          59          65
          59          65
          59          65
          59          65
          59          65
          59          65
          59          65
          59          65
          59          65
          59          65
          59          65
          59          65
          59          65
          59          65
          59          65
          59          65
          59          65
          59          65
          59          65
          59          65
          59          65
          59          65
          59          65
          59          65
          59          65
          59          65
          59          65
          59          65
          59          65
          59          65
          59          65
          59          65
          59          65
          59          65
          59          65
          59          65
          59          65
          59          65
          59          65
          59          65
          59          65
          59          65
          59          65
          59          65
          59          65
          59          65
          59          65
          59          65
          59          65
          59          65
          59          65
          59          65
          59          65
          59          65
          59          65
          59          65
          59          65
          59          65
          59          65
          59          65
          59          65
          59          65
          59          65
          59          65
          59          65
          59          65
          59          65
          59          65
          59          65
          59          65
          59          65
          59          65
          59          65
          59          65
          59          65
          59          65
          59          65
          59          65
          59          65
          59          65
          59          65
          59          65
          59          65
          59          65
          59          65
          64          68
          63          67
          63          67
          63          67
          63          67
          62          68
          62          66
          62          66
          62          66
          62          66
          61          67
          61          65
          61          65
          61          65
          61          65
          61          65
          61          65
          63          67
          63          67
          62          66
          62          66
          62          66
          62          66
          62          66
          62          66
          62          66
          62          66
          62          66
          62          66
          62          66
          62          66
          62          66
          62          67
          62          68
          62          68
          62          68
          62          68
          62          68
          62          68
          62          68
          62          68
          62          68
          62          68
          62          68
          62          68
          62          68
          62          68
          62          68
          62          68
          62          68
          62          68
          62          68
          62          68
          62          68
          62          68
          62          68
          62          68
          62          68
          62          68
          62          68
          62          68
          62          68
          62          68
          62          68
          62          68
          62          68
          62          68
          62          68
          62          68
          62          68
          62          68
          62          68
          62          68
          62          68
          62          68
          62          68
          62          68
          62          68
          62          68
          62          68
          62          68
          62          68
          62          68
          62          68
          62          68
          62          68
          62          68
          62          68
          62          68
          62          68
          62          68
          62          68
          62          68
          62          68
          62          68
          62          68
          62          68
          62          68
          62          68
          62          68
          62          68
          62          68
          62          68
          62          68
          62          68
          62          68
          62          68
          62          68
          62          68
          62          68
          62          68
          62          68
          62          68
          62          68
          62          68
          62          68
          62          68
          62          68
          62          68
          67          71
          67          71
          66          70
          66          70
          66          70
          65          71
          65          69
          65          69
          65          69
          64          70
          64          70
          64          68
          64          68
          64          68
          63          69
          63          69
          63          69
          63          69
          63          69
          64          68
          64          68
          64          68
          64          68
          64          70
          64          70
          64          70
          64          70
          65          69
          65          69
          65          69
          65          69
          65          69
          66          70
          66          70
          66          70
          66          70
          66          70
          66          70
          66          70
          66          70
          66          70
          66          72
          66          72
          66          72
          66          72
          66          72
          66          72
          66          72
          66          72
          66          72
          66          72
          66          72
          66          72
          66          72
          66          72
          66          72
          66          72
          65          71
          65          71
          65          71
          65          71
          65          71
          65          71
          65          71
          65          71
          65          71
          65          71
          65          71
          65          71
          65          71
          65          71
          65          71
          65          71
          65          71
          65          71
          65          71
          65          71
          65          71
          65          71
          65          71
          65          71
          65          71
          65          71
          65          71
          65          71
          65          71
          65          71
          65          71
          65          71
          65          71
          65          71
          65          71
          65          71
          65          71
          65          71
          65          71
          65          71
          65          71
          65          71
          65          71
          65          71
          65          71
          65          71
          65          71
          65          71
          65          71
          65          71
          65          71
          65          71
          65          71
          65          71
          65          71
          65          71
          65          71
          65          71
          65          71
          70          74
          70          74
          69          73
          69          73
          69          73
          69          73
          68          74
          68          72
          68          72
          67          73
          67          71
          67          71
          67          71
          67          71
          66          72
          66          72
          66          70
          66          70
          66          70
          66          70
          67          71
          67          71
          67          71
          67          71
          67          71
          68          72
          68          72
          68          72
          68          72
          68          72
          68          72
          68          72
          68          72
          68          72
          68          72
          68          72
          68          74
          68          74
          68          74
          68          72
          68          72
          68          72
          68          72
          68          72
          68          72
          68          72
          68          72
          68          72
          68          72
          68          74
          68          74
          68          74
          68          74
          68          74
          68          74
          68          74
          68          74
          68          74
          68          74
          68          74
          68          74
          68          74
          68          74
          68          74
          68          74
          68          74
          68          74
          68          74
          68          74
          68          74
          68          74
          68          74
          68          74
          68          74
          68          74
          68          74
          68          74
          68          74
          68          74
          68          74
          68          74
          68          74
          68          74
          68          74
          68          74
          68          74
          68          74
          68          74
          68          74
          68          74
          68          74
          68          74
          68          74
          68          74
          68          74
          68          74
          68          74
          68          74
          68          74
          68          74
          68          74
          68          74
          68          74
          68          74
          68          74
          68          74
          68          74
          68          74
          68          74
