  4.172139361992575E-004
  2.612827719350183E-003
  5.991850609987454E-003
  9.512128391649347E-003
  1.242814409350693E-002
  1.426991258726847E-002
  1.476850084672698E-002
  1.382745850719502E-002
  1.153611521307543E-002
  8.212785820358675E-003
  4.480654973061975E-003
  1.360871131992434E-003
  5.507324628238178E-005
 -1.672583014656839E-007
 -2.408050376029813E-010
 -1.578413851528930E-016
  2.191289326248551E-021
  1.455317510001833E-027
  2.507787447953705E-037
 -8.299951115630690E-031
 -2.263936284233809E-026
 -4.762887806072919E-017
  2.839565471287777E-014
 -4.098739609558606E-008
 -7.070623133934074E-007
  2.616269571745407E-003
  1.498048693501315E-002
  3.166477542691002E-002
  4.745540109459068E-002
  5.992005469206439E-002
  6.813554273510530E-002
  7.171461699427793E-002
  7.027397763421674E-002
  6.317157583294630E-002
  4.960673455592705E-002
  2.994053986223692E-002
  9.708602750559939E-003
  3.888465280893065E-004
 -5.081533476326509E-006
 -6.921972765833686E-009
  1.370884070109731E-012
  2.805080964225747E-018
 -1.604862863740109E-026
  8.993093000711469E-036
 -6.701937558413414E-030
 -1.098422822745591E-024
  2.419758404396169E-014
  6.726780126787320E-012
 -1.155650637895084E-006
 -1.686117923736711E-005
  6.010696748071122E-003
  3.169131893589661E-002
  6.408362964555954E-002
  9.451439044136148E-002
  0.119217638452419     
  0.136820343166699     
  0.146797902004124     
  0.148550042894795     
  0.140639152287431     
  0.119741633105474     
  8.034964895586585E-002
  2.825592900233416E-002
  1.100589623234440E-003
 -3.348864714591397E-005
 -4.354106524547999E-008
  4.467864803993692E-011
  8.158886194223762E-017
 -1.601762118395478E-023
 -1.361990611157852E-034
 -1.358560219136559E-026
 -4.032321909702289E-022
  6.529436543318098E-013
  1.264927486786905E-010
 -6.443442452339619E-006
 -7.849431722610283E-005
  9.553246900872246E-003
  4.750560998884187E-002
  9.451777657230132E-002
  0.139791840751362     
  0.178241248648133     
  0.207686613439021     
  0.227215238665367     
  0.236068407296524     
  0.232551477793784     
  0.211857949899589     
  0.158805087404572     
  6.233622878595904E-002
  2.380054133190946E-003
 -1.218611718763311E-004
 -1.393361823844690E-007
  4.874673440196513E-010
  6.907563455237371E-016
 -1.667791405702387E-021
 -1.955957947578993E-033
 -6.175613594962157E-025
 -1.118424098088098E-020
  4.995547394986390E-012
  7.395362324026883E-010
 -1.799422990911840E-005
 -1.903914384357117E-004
  1.248210067486405E-002
  5.998701523728242E-002
  0.119218419514740     
  0.178200240506427     
  0.230724396215481     
  0.273581208656685     
  0.305142506934880     
  0.324328579997859     
  0.329497828343935     
  0.316544970642190     
  0.264787869612647     
  0.121151074399923     
  4.950630313409178E-003
 -3.308649120856537E-004
 -2.956424736171220E-007
  2.859988878785900E-009
  2.565810027547774E-015
 -4.273084723178500E-020
 -3.443535469095441E-032
 -6.691598639208168E-024
 -9.081221168722502E-020
  1.755774264860761E-011
  2.186037642217990E-009
 -3.358777595737526E-005
 -3.256861661421568E-004
  1.431461210955744E-002
  6.821687382023658E-002
  0.136840822005124     
  0.207614144690554     
  0.273493682158155     
  0.330275885391232     
  0.375433120684971     
  0.407309486631275     
  0.424173277506754     
  0.423497237721590     
  0.389875875916376     
  0.215303062815260     
  1.116955470772932E-002
 -7.635260468781700E-004
 -4.892092173689373E-007
  1.128847817432118E-008
  5.308501771312576E-015
 -4.860809759321890E-019
 -9.685137234830470E-032
 -2.474027283392852E-023
 -3.110243803338126E-019
  3.471514014667499E-011
  4.108249381498256E-009
 -4.691575787190235E-005
 -4.435549434548247E-004
  1.478070855095704E-002
  7.180049227244427E-002
  0.146866463210436     
  0.227163472509324     
  0.304993604566023     
  0.375304129511628     
  0.434675374544644     
  0.480713888779013     
  0.511298203243013     
  0.524563531872606     
  0.518679763509181     
  0.349293197518791     
  2.664914402215682E-002
 -1.583939293871377E-003
 -8.926420860188693E-007
  3.442825236740952E-008
  1.241325666558825E-014
 -3.353659697307598E-018
 -8.760587209044949E-031
 -3.525672189675518E-023
 -5.225129525421092E-019
  4.182043025284995E-011
  5.379796919352199E-009
 -5.118598947198290E-005
 -5.040269466452714E-004
  1.379617097658718E-002
  7.033150009951769E-002
  0.148683118070933     
  0.236099041881308     
  0.324191062526508     
  0.407088727357656     
  0.480552641856968     
  0.541437185563170     
  0.587063242378212     
  0.614935939887386     
  0.635215719108093     
  0.513408767087519     
  6.010983286245498E-002
 -3.104103065441919E-003
 -1.351938666016673E-006
  9.464540221929207E-008
  1.697738814431267E-014
 -1.907922664960962E-017
  1.642978469234076E-029
 -1.949843222599100E-023
 -4.178410688443821E-019
  3.091957063004264E-011
  4.853397003493951E-009
 -4.373588515376048E-005
 -4.789936170319672E-004
  1.147401186255939E-002
  6.315046291657136E-002
  0.140816171232668     
  0.232704284472850     
  0.329446898476999     
  0.423954501269595     
  0.511053107080592     
  0.586919839227405     
  0.648366461230060     
  0.691788429438724     
  0.731093208586883     
  0.681615946909905     
  0.114986835658594     
 -5.476818759349469E-003
  2.042563907974268E-006
  2.241603769080084E-007
 -3.909790090136521E-013
 -7.911236327505976E-017
  2.740033949191669E-027
 -3.833151785317059E-024
 -1.341555052084390E-019
  1.329572927932985E-011
  2.751343673372599E-009
 -2.834611629084985E-005
 -3.663172205695289E-004
  8.154207906161469E-003
  4.950027206879253E-002
  0.119868568101632     
  0.212098644021146     
  0.316477753552851     
  0.423124405083715     
  0.524277165885462     
  0.614942217771484     
  0.692007581594693     
  0.751872395046092     
  0.803580602099925     
  0.833662432008507     
  0.177323970887121     
 -7.640993581788565E-003
  7.289612169072525E-006
  3.259204274321612E-007
 -8.782993435834221E-013
 -1.155880678640405E-016
  9.378577362681658E-027
 -2.193082139391340E-025
 -1.310812874655815E-020
  2.912363796382386E-012
  8.227407419302576E-010
 -1.286757434459349E-005
 -2.043933955711581E-004
  4.453654194303423E-003
  2.985637872593807E-002
  8.044323167606877E-002
  0.159366142114725     
  0.265055889110016     
  0.388330504796812     
  0.515014182917669     
  0.631118740597401     
  0.727760738933001     
  0.800704921229172     
  0.876684337165406     
  0.901241867552995     
  0.126632508961718     
 -5.256874410498219E-003
  2.516089434106061E-005
  1.409977589467863E-007
 -1.954758079655963E-012
 -9.456350593523433E-018
  3.297442843606383E-028
 -2.004749485126900E-027
 -2.399838165477258E-022
  2.443110417082563E-013
  9.312012454059467E-011
 -3.414840006006690E-006
 -6.643293315633137E-005
  1.357651959419072E-003
  9.693226137353222E-003
  2.833591456286299E-002
  6.333834555864341E-002
  0.125254498238010     
  0.224094670057250     
  0.360173727054251     
  0.520300037013262     
  0.685495523784263     
  0.835849304412888     
  0.971013953493668     
  0.467914305457951     
 -2.548474006910870E-003
 -4.632778678098882E-004
  9.735280754989890E-007
  2.058200965127544E-009
 -2.633590297897661E-015
  1.077363141845088E-020
  1.186408356120772E-030
  1.084813608898908E-029
  7.613415123292910E-025
  3.661128557370442E-015
  1.874831955852033E-012
 -3.220391706598852E-007
 -7.117328940183763E-006
  5.497984538296942E-005
  3.836157532633263E-004
  1.050157205228790E-003
  2.178418369519586E-003
  4.688920669107258E-003
  1.252354613211112E-002
  3.517156298947061E-002
  8.332796801798013E-002
  0.167047109304676     
  0.200422140057682     
  0.140014473899159     
  6.160770670969113E-004
 -1.421589264233666E-004
  3.355081560256879E-007
  2.978258934255539E-010
  1.237320167081576E-013
  3.715331241185457E-018
  1.728385157508184E-024
  3.349536051100372E-034
  1.049608628281879E-031
  1.471916013652467E-026
 -4.805781280996261E-018
  1.214478216566139E-015
 -5.661521435435224E-010
 -9.883372451976922E-009
 -1.698839069982666E-007
 -5.236727227210387E-006
 -3.511703046331488E-005
 -1.310110603040494E-004
 -3.721610408787555E-004
 -9.243482094436950E-004
 -2.137169278992757E-003
 -4.573010730472841E-003
 -8.119591571754303E-003
 -7.574405914050174E-003
 -4.870337586751910E-003
 -8.363953519451204E-005
  6.329590870961223E-007
  2.030472709456735E-010
  8.900983273940811E-013
  6.381561716425733E-016
  1.539210831035579E-019
  8.007979998073550E-030
  3.320771541066120E-037
  1.938209897555278E-035
  4.818900808833275E-030
 -6.189707228518307E-019
 -2.405997427014463E-016
 -1.692397698354809E-012
 -1.170038406569974E-011
 -2.407154584368962E-010
 -6.831084483714235E-009
 -4.139625248540250E-008
 -1.216461511357616E-007
 -2.254167889177800E-007
 -3.786710127396759E-007
 -1.026816580349752E-006
 -2.367174984580100E-006
 -4.648415943219884E-006
  1.095377565166691E-005
  2.052931693862432E-005
  1.518619047725729E-008
  1.305197549757838E-014
  1.637426963112430E-012
  6.246215830375794E-015
  2.356778870662084E-023
  9.922939361664082E-029
  2.623945804172300E-032
  4.137380425867659E-041
 -8.145280987670014E-042
 -4.288890108762016E-036
 -1.890145918172897E-024
 -4.184055110079042E-022
  7.177578830268661E-014
 -1.950336947796423E-012
 -2.865212816865943E-015
  1.389986086457861E-012
  4.689203209694274E-011
  5.580220029656984E-010
  3.500624821783833E-009
  1.548565228841153E-008
  5.764086611441373E-008
  1.923124762474586E-007
  4.615056962491377E-007
  3.157306362739758E-007
  1.210186986209169E-007
  7.373558450929565E-011
  4.746634954251548E-013
  1.632079245577847E-014
  2.655578118634519E-019
  3.508276528923315E-026
  2.156157754040982E-029
  4.643202533137875E-037
  3.070441688830955E-044
  2.405093287565102E-043
  2.350991149537830E-038
 -3.458124501271630E-029
  2.276990380580086E-028
 -3.736849106738987E-019
 -2.823481331366102E-016
 -1.463637124982195E-022
  2.639948023562239E-018
  7.307264169290392E-017
  5.548673848440343E-016
  1.734386138074528E-015
  3.663486749262913E-015
  1.382667152508034E-014
 -1.016625714083746E-013
 -1.003219314484169E-012
 -8.347118942216600E-013
 -1.498594009893439E-012
  2.749083868476659E-014
  1.969153476639632E-015
  1.113829479310617E-021
  4.237415656201241E-028
  2.112235847516830E-029
  4.710685755232076E-034
  1.877795784889552E-045
  1.824496005695225E-048
 -1.240164928075354E-048
  3.986073396956512E-044
 -2.229058248478411E-033
 -3.226934140456436E-029
 -7.441295336665859E-025
 -4.682444104811948E-022
 -2.170060824137762E-027
 -5.480532252932457E-026
 -1.446919837114241E-023
 -2.373582650817409E-021
 -7.028416663074122E-020
 -1.026207221420310E-018
 -1.181709168437974E-017
 -1.111398944583962E-016
 -3.521958089502348E-016
 -4.215450416655434E-017
  4.445752926108621E-018
  4.336618980632562E-019
  7.550290380132325E-020
  2.608410024310854E-026
  1.910683415315086E-036
  4.288152667037374E-039
 -6.349633666471827E-046
 -4.561518396074896E-049
 -1.624093479719292E-053
 -5.939488472563495E-052
  4.561518166669661E-049
 -8.414359372500425E-044
 -1.358349030730862E-037
 -8.275480229788904E-036
 -2.511990426464272E-030
  2.674249648120704E-037
  3.009265538105056E-036
  0.000000000000000E+000
  0.000000000000000E+000
 -1.540743955509789E-032
 -2.403560570595270E-031
 -6.976488630548323E-030
  1.041197787278583E-027
  2.871138150642395E-026
  2.573264272830941E-027
  1.672385119068545E-028
  2.426020765606714E-028
  5.549218059949400E-030
 -4.179433430150180E-037
  2.208421857052786E-040
 -2.189528850507527E-047
  3.040269857729873E-049
 -4.640216508686056E-054
 -2.824931404363540E-064
 -8.071232583895829E-064
 -3.266712423437374E-051
 -1.646423061416793E-048
 -1.245185057283630E-043
 -3.730817031418393E-041
 -7.346839692639297E-040
 -1.518017982166019E-030
  2.267975102510409E-030
 -1.552320489293907E-026
 -7.017706612846121E-025
 -7.349987447899695E-024
 -2.593815046045034E-023
 -3.495514615148859E-023
 -1.829637283004026E-023
 -3.438474291902863E-024
 -1.896484725023730E-025
 -1.542223069707078E-027
  3.475918363630083E-029
  4.292657104796100E-031
  1.068289266027295E-034
 -1.147943701974890E-041
  1.116046645680696E-042
  1.518130355332367E-048
  2.078816996708124E-051
  1.080120831080177E-063
  1.217085659890436E-058
  2.375790552497924E-051
 -2.438793025582493E-044
 -5.877471710320861E-039
 -3.761581922631320E-037
 -3.370377402677663E-033
 -6.060828195574349E-026
 -1.218758544130254E-024
 -6.878461177259832E-022
 -1.843535492492372E-020
 -1.345630052455217E-019
 -3.855817704026637E-019
 -5.167105253088441E-019
 -3.298239228417708E-019
 -8.895907435353001E-020
 -7.808378995141010E-021
 -1.290879363529180E-022
  1.442754020445950E-024
  3.838215676602059E-026
  1.801668944375371E-029
  1.179682049447092E-035
  8.298357503416227E-038
 -7.475051495632696E-044
 -3.041012315028872E-049
  7.053126264064484E-052
  2.376801369315538E-051
  5.473801245294519E-048
  7.305431060275037E-039
 -5.450114252034424E-035
 -6.283346443563357E-033
 -3.511725253156131E-028
 -1.305707072252937E-016
  2.161168111566060E-014
  6.333350349817732E-013
  5.011256573233908E-012
  1.781492134286399E-011
  3.508867417418395E-011
  4.175795930691289E-011
  3.052710032733378E-011
  1.311187462686580E-011
  2.914419342224928E-012
  2.525595279297857E-013
  3.914239157377277E-015
 -4.214775382022510E-018
 -2.939245790700669E-019
 -9.006244502976222E-025
 -2.218123459142884E-029
  1.117592111318422E-032
  6.476321907724590E-044
 -5.719717929659427E-049
 -1.228370793650967E-044
 -3.265261377795127E-040
 -1.000150560487530E-031
 -4.192466617970431E-029
 -5.071593042252742E-020
 -2.752992819469092E-017
  2.775801159387689E-014
  7.694135139286789E-012
  1.539633405908768E-010
  9.159042648338000E-010
  2.608307095873219E-009
  4.536358376890787E-009
  5.366912044863546E-009
  4.378756049838284E-009
  2.302965672806287E-009
  6.665027212954412E-010
  7.702540260406990E-011
  1.668068714418578E-012
  1.626117977250381E-015
 -1.357373518539089E-016
 -2.833789878183504E-022
  1.136021333276477E-027
 -9.304584846400915E-030
  4.026221869136169E-038
 -9.956663874922198E-045
 -5.341395112882718E-039
 -2.256949149602608E-035
 -5.615378568363962E-029
 -4.413625920161029E-027
 -7.437297333903041E-018
 -2.265834610374655E-015
 -4.129453337357171E-008
 -1.171626744210895E-006
 -6.567039938420395E-006
 -1.837202186988428E-005
 -3.418740652886210E-005
 -4.736019665565525E-005
 -5.107625332633665E-005
 -4.315979382512149E-005
 -2.778362898426702E-005
 -1.260186360232446E-005
 -3.356828630150652E-006
 -3.181772431978656E-007
 -5.657909209134232E-010
 -1.746414899549434E-012
  7.242413738938012E-014
 -1.683682037831590E-019
 -3.592465741214166E-025
  1.241282155475859E-035
 -7.174161575375921E-043
 -9.887943394597820E-037
 -3.145169981544897E-033
 -3.804960055855333E-020
 -5.620061939678429E-018
 -6.566859307173558E-014
 -1.389372361880255E-012
 -7.363056492180613E-007
 -1.803611076458457E-005
 -8.548928588435169E-005
 -2.075928148925895E-004
 -3.495732121892691E-004
 -4.616297809372703E-004
 -5.037423105674469E-004
 -4.593259573934874E-004
 -3.400098546152148E-004
 -1.864982448132740E-004
 -6.068737380828346E-005
 -6.624715528751936E-006
 -9.840044509873906E-009
 -1.116721780097932E-011
 -1.981459897812516E-012
 -1.288668160189699E-016
 -2.242259815249268E-022
  2.993086025434487E-030
  1.302800261068443E-039
 -1.665046632816452E-033
 -1.345692715832433E-028
 -1.957850741122092E-017
 -1.508477369322077E-015
 -1.567582400428920E-012
  9.613998640923191E-012
