  0.000000000000000E+000          26 -0.376991118430775     
   4.00000000000000       0.502654824574367        2.00000000000000     
  0.000000000000000E+000          26 -0.376991118430775     
   4.00000000000000       0.502654824574367        2.00000000000000     
  0.000000000000000E+000          26 -0.376991118430775     
   4.00000000000000       0.502654824574367        2.00000000000000     
  0.000000000000000E+000          26 -0.376991118430775     
   4.00000000000000       0.502654824574367        1.99999999999999     
  0.000000000000000E+000          26 -0.376991118430775     
   4.00000000000000       0.502654824574367        1.99999999999999     
  0.000000000000000E+000          26 -0.376991118430775     
   4.00000000000000       0.502654824574367        1.99999999999999     
  0.000000000000000E+000          26 -0.376991118430775     
   4.00000000000000       0.502654824574367        2.00000000000000     
  0.000000000000000E+000          26 -0.376991118430775     
   4.00000000000000       0.502654824574367        2.00000000000001     
  0.000000000000000E+000          26 -0.376991118430775     
   4.00000000000000       0.502654824574367        2.00000000000000     
  0.000000000000000E+000          26 -0.376991118430775     
   4.00000000000000       0.502654824574367        2.00000000000000     
  0.000000000000000E+000          26 -0.376991118430775     
   4.00000000000000       0.502654824574367        2.00000000000000     
  0.000000000000000E+000          26 -0.376991118430775     
   4.00000000000000       0.502654824574367        2.00000000000000     
  0.000000000000000E+000          26 -0.376991118430775     
   4.00000000000000       0.502654824574367        2.00000000000000     
  0.000000000000000E+000          26 -0.376991118430775     
   4.00000000000001       0.502654824574367        2.00000000000000     
  0.000000000000000E+000          26 -0.376991118430775     
   4.00000000000001       0.502654824574367        2.00000000000000     
  0.000000000000000E+000          26 -0.376991118430775     
   4.00000000000000       0.502654824574367        2.00000000000000     
  0.000000000000000E+000          26 -0.376991118430775     
   4.00000000000000       0.502654824574367        2.00000000000000     
  0.000000000000000E+000          26 -0.376991118430775     
   4.00000000000001       0.502654824574367        2.00000000000000     
  0.000000000000000E+000          26 -0.376991118430775     
   4.00000000000002       0.502654824574367        2.00000000000000     
  0.000000000000000E+000          26 -0.376991118430775     
   4.00000000000002       0.502654824574367        2.00000000000000     
  0.000000000000000E+000          26 -0.376991118430775     
   4.00000000000001       0.502654824574367        2.00000000000000     
  0.000000000000000E+000          26 -0.376991118430775     
   3.99999999999999       0.502654824574367        1.99999999999999     
  0.000000000000000E+000          26 -0.376991118430775     
   3.99999999999998       0.502654824574367        1.99999999999999     
  0.000000000000000E+000          26 -0.376991118430775     
   3.99999999999998       0.502654824574367        1.99999999999999     
  0.000000000000000E+000          26 -0.376991118430775     
   3.99999999999998       0.502654824574367        1.99999999999999     
  0.000000000000000E+000          26 -0.376991118430775     
   3.99999999999998       0.502654824574367        2.00000000000000     
  0.000000000000000E+000          26 -0.376991118430775     
   3.99999999999999       0.502654824574367        2.00000000000000     
  0.000000000000000E+000          26 -0.376991118430775     
   4.00000000000000       0.502654824574367        2.00000000000001     
  0.000000000000000E+000          26 -0.376991118430775     
   4.00000000000001       0.502654824574367        2.00000000000001     
  0.000000000000000E+000          26 -0.376991118430775     
   4.00000000000001       0.502654824574367        2.00000000000001     
  0.000000000000000E+000          26 -0.376991118430775     
   4.00000000000002       0.502654824574367        2.00000000000001     
  0.000000000000000E+000          26 -0.376991118430775     
   4.00000000000002       0.502654824574367        2.00000000000000     
  0.000000000000000E+000          26 -0.376991118430775     
   4.00000000000001       0.502654824574367        2.00000000000000     
  0.000000000000000E+000          26 -0.376991118430775     
   4.00000000000001       0.502654824574367        2.00000000000000     
  0.000000000000000E+000          26 -0.376991118430775     
   4.00000000000000       0.502654824574367        2.00000000000000     
  0.000000000000000E+000          26 -0.376991118430775     
   3.99999999999999       0.502654824574367        2.00000000000000     
  0.000000000000000E+000          26 -0.376991118430775     
   3.99999999999999       0.502654824574367        2.00000000000000     
  0.000000000000000E+000          26 -0.376991118430775     
   3.99999999999999       0.502654824574367        2.00000000000000     
  0.000000000000000E+000          26 -0.376991118430775     
   3.99999999999999       0.502654824574367        2.00000000000000     
  0.000000000000000E+000          26 -0.376991118430775     
   4.00000000000000       0.502654824574367        2.00000000000000     
  0.000000000000000E+000          26 -0.376991118430775     
   4.00000000000001       0.502654824574367        2.00000000000000     
  0.000000000000000E+000          26 -0.376991118430775     
   4.00000000000001       0.502654824574367        2.00000000000000     
  0.000000000000000E+000          26 -0.376991118430775     
   4.00000000000000       0.502654824574367        2.00000000000000     
  0.000000000000000E+000          26 -0.376991118430775     
   4.00000000000000       0.502654824574367        2.00000000000000     
  0.000000000000000E+000          26 -0.376991118430775     
   4.00000000000000       0.502654824574367        2.00000000000000     
  0.000000000000000E+000          26 -0.376991118430775     
   3.99999999999999       0.502654824574367        2.00000000000000     
  0.000000000000000E+000          26 -0.376991118430775     
   3.99999999999999       0.502654824574367        2.00000000000000     
  0.000000000000000E+000          26 -0.376991118430775     
   4.00000000000000       0.502654824574367        2.00000000000000     
  0.000000000000000E+000          26 -0.376991118430775     
   4.00000000000000       0.502654824574367        2.00000000000000     
  0.000000000000000E+000          26 -0.376991118430775     
   4.00000000000000       0.502654824574367        2.00000000000000     
  0.000000000000000E+000          26 -0.376991118430775     
   4.00000000000000       0.502654824574367        2.00000000000000     
  0.000000000000000E+000          26 -0.376991118430775     
   3.99999999999999       0.502654824574367        2.00000000000000     
  0.000000000000000E+000          26 -0.376991118430775     
   3.99999999999999       0.502654824574367        1.99999999999999     
  0.000000000000000E+000          26 -0.376991118430775     
   3.99999999999999       0.502654824574367        2.00000000000000     
  0.000000000000000E+000          26 -0.376991118430775     
   4.00000000000000       0.502654824574367        2.00000000000000     
  0.000000000000000E+000          26 -0.376991118430775     
   4.00000000000000       0.502654824574367        2.00000000000000     
  0.000000000000000E+000          26 -0.376991118430775     
   4.00000000000000       0.502654824574367        2.00000000000000     
  0.000000000000000E+000          26 -0.376991118430775     
   3.99999999999999       0.502654824574367        2.00000000000000     
  0.000000000000000E+000          26 -0.376991118430775     
   3.99999999999999       0.502654824574367        2.00000000000000     
  0.000000000000000E+000          26 -0.376991118430775     
   3.99999999999999       0.502654824574367        2.00000000000000     
  0.000000000000000E+000          26 -0.376991118430775     
   4.00000000000000       0.502654824574367        2.00000000000000     
  0.000000000000000E+000          26 -0.376991118430775     
   4.00000000000001       0.502654824574367        2.00000000000000     
  0.000000000000000E+000          26 -0.376991118430775     
   4.00000000000001       0.502654824574367        2.00000000000000     
  0.000000000000000E+000          26 -0.376991118430775     
   4.00000000000001       0.502654824574367        1.99999999878391     
  0.000000000000000E+000          26 -0.376991118430775     
   4.00000000000000       0.502654824574367        1.99999999982048     
  0.000000000000000E+000          26 -0.376991118430775     
   4.00000000000000       0.502654824574367        2.00000000150335     
  0.000000000000000E+000          26 -0.376991118430775     
   3.99999999949130       0.502654824574367        1.99999926618050     
  0.000000000000000E+000          26 -0.376991118430775     
   3.99999999992490       0.502654824574367        1.99999989239521     
  0.000000000000000E+000          26 -0.376991118430775     
   4.00000000062885       0.502654824574367        2.00000090598713     
  0.000000000000000E+000          26 -0.376991118430775     
   3.99999590249216       0.502654824574367        2.00000222628734     
  0.000000000000000E+000          26 -0.376991118430775     
   3.99999939563298       0.502654824574367        2.00000054641990     
  0.000000000000000E+000          26 -0.376991118430775     
   4.00000506449506       0.502654824574367        1.99999676156249     
  0.000000000000000E+000          26 -0.376991118430775     
   4.00001448038974       0.502654824574367        1.99976465544945     
  0.000000000000000E+000          26 -0.376991118430775     
   4.00000375004008       0.502654824574367        1.99950149742305     
  0.000000000000000E+000          26 -0.376991118430775     
   3.99997946187155       0.502654824574367        1.99916032293119     
  0.000000000000000E+000          26 -0.376991118430775     
   3.99990153235887       0.502654824574367        1.96922808420750     
  0.000000000000000E+000          26 -0.376991118430775     
   3.99979142679058       0.502654824574367        1.89538502239291     
  0.000000000000000E+000          26 -0.376991118430775     
   3.99964867882153       0.502654824574367        1.78294171572744     
  0.000000000000000E+000          26 -0.376991118430775     
   3.98144635637286       0.502654824574367        1.15902563320417     
  0.000000000000000E+000          26 -0.376991118430775     
   3.95876277567135       0.502654824574367        1.08409117128396     
  0.000000000000000E+000          26 -0.376991118430775     
   3.92838257283954       0.502654824574367        1.03185878894824     
  0.000000000000000E+000          26 -0.376991118430775     
   3.54138821366726       0.502654824574367        1.00074277261692     
  0.000000000000000E+000          26 -0.376991118430775     
   3.30092959147073       0.502654824574367        1.00044097120215     
  0.000000000000000E+000          26 -0.376991118430775     
   3.12087358218816       0.502654824574367        1.00020818314699     
  0.000000000000000E+000          26 -0.376991118430775     
   3.00142806808339       0.502654824574367        1.00000450291935     
  0.000000000000000E+000          26 -0.376991118430775     
   3.00084781188821       0.502654824574367       0.999999215915032     
  0.000000000000000E+000          26 -0.376991118430775     
   3.00040024951734       0.502654824574367       0.999996873579706     
  0.000000000000000E+000          26 -0.376991118430775     
   3.00000079048007       0.502654824574367       0.999998727539501     
  0.000000000000000E+000          26 -0.376991118430775     
   2.99999993662499       0.502654824574367        1.00000015141454     
  0.000000000000000E+000          26 -0.376991118430775     
   2.99999954543222       0.502654824574367        1.00000103019723     
  0.000000000000000E+000          26 -0.376991118430775     
   2.99999981894737       0.502654824574367       0.999999998670182     
  0.000000000000000E+000          26 -0.376991118430775     
   3.00000002068727       0.502654824574367        1.00000000015880     
  0.000000000000000E+000          26 -0.376991118430775     
   3.00000014795299       0.502654824574367        1.00000000107573     
  0.000000000000000E+000          26 -0.376991118430775     
   2.99999999744301       0.502654824574367        1.00000000000000     
  0.000000000000000E+000          26 -0.376991118430775     
   3.00000000030535       0.502654824574367        1.00000000000000     
  0.000000000000000E+000          26 -0.376991118430775     
   3.00000000206842       0.502654824574367        1.00000000000000     
  0.000000000000000E+000          26 -0.376991118430775     
   3.00000000000001       0.502654824574367        1.00000000000000     
  0.000000000000000E+000          26 -0.376991118430775     
   3.00000000000001       0.502654824574367        1.00000000000000     
  0.000000000000000E+000          26 -0.376991118430775     
   3.00000000000001       0.502654824574367        1.00000000000000     
  0.000000000000000E+000          26 -0.376991118430775     
   3.00000000000001       0.502654824574367        1.00000000000000     
  0.000000000000000E+000          26 -0.376991118430775     
   3.00000000000000       0.502654824574367        1.00000000000000     
  0.000000000000000E+000          26 -0.376991118430775     
   2.99999999999999       0.502654824574367       0.999999999999998     
  0.000000000000000E+000          26 -0.376991118430775     
   2.99999999999998       0.502654824574367       0.999999999999994     
  0.000000000000000E+000          26 -0.376991118430775     
   2.99999999999998       0.502654824574367       0.999999999999993     
  0.000000000000000E+000          26 -0.376991118430775     
   2.99999999999998       0.502654824574367       0.999999999999997     
  0.000000000000000E+000          26 -0.376991118430775     
   2.99999999999999       0.502654824574367        1.00000000000000     
  0.000000000000000E+000          26 -0.376991118430775     
   3.00000000000000       0.502654824574367        1.00000000000001     
  0.000000000000000E+000          26 -0.376991118430775     
   3.00000000000001       0.502654824574367        1.00000000000001     
  0.000000000000000E+000          26 -0.376991118430775     
   3.00000000000002       0.502654824574367        1.00000000000000     
  0.000000000000000E+000          26 -0.376991118430775     
   3.00000000000002       0.502654824574367        1.00000000000000     
  0.000000000000000E+000          26 -0.376991118430775     
   3.00000000000002       0.502654824574367       0.999999999999999     
  0.000000000000000E+000          26 -0.376991118430775     
   3.00000000000000       0.502654824574367        1.00000000000000     
  0.000000000000000E+000          26 -0.376991118430775     
   3.00000000000000       0.502654824574367        1.00000000000000     
  0.000000000000000E+000          26 -0.376991118430775     
   3.00000000000000       0.502654824574367        1.00000000000000     
  0.000000000000000E+000          26 -0.376991118430775     
   3.00000000000000       0.502654824574367        1.00000000000000     
  0.000000000000000E+000          26 -0.376991118430775     
   3.00000000000000       0.502654824574367        1.00000000000000     
  0.000000000000000E+000          26 -0.376991118430775     
   2.99999999999999       0.502654824574367       0.999999999999998     
  0.000000000000000E+000          26 -0.376991118430775     
   2.99999999999998       0.502654824574367       0.999999999999995     
  0.000000000000000E+000          26 -0.376991118430775     
   2.99999999999998       0.502654824574367       0.999999999999995     
  0.000000000000000E+000          26 -0.376991118430775     
   2.99999999999998       0.502654824574367       0.999999999999998     
  0.000000000000000E+000          26 -0.376991118430775     
   2.99999999999999       0.502654824574367        1.00000000000000     
  0.000000000000000E+000          26 -0.376991118430775     
   3.00000000000000       0.502654824574367        1.00000000000001     
  0.000000000000000E+000          26 -0.376991118430775     
   3.00000000000002       0.502654824574367        1.00000000000001     
  0.000000000000000E+000          26 -0.376991118430775     
   3.00000000000002       0.502654824574367        1.00000000000000     
  0.000000000000000E+000          26 -0.376991118430775     
   3.00000000000002       0.502654824574367        1.00000000000000     
  0.000000000000000E+000          26 -0.376991118430775     
   3.00000000000002       0.502654824574367       0.999999999999999     
  0.000000000000000E+000          26 -0.376991118430775     
   3.00000000000001       0.502654824574367        1.00000000000000     
  0.000000000000000E+000          26 -0.376991118430775     
   3.00000000000000       0.502654824574367        1.00000000000000     
  0.000000000000000E+000          26 -0.376991118430775     
   2.99999999999999       0.502654824574367        1.00000000000000     
  0.000000000000000E+000          26 -0.376991118430775     
   3.00000000000000       0.502654824574367        1.00000000000000     
  0.000000000000000E+000          26 -0.376991118430775     
   3.00000000000000       0.502654824574367        1.00000000000000     
  0.000000000000000E+000          26 -0.376991118430775     
   3.00000000000000       0.502654824574367        1.00000000000000     
  0.000000000000000E+000          26 -0.376991118430775     
   3.00000000000000       0.502654824574367        1.00000000000000     
  0.000000000000000E+000          26 -0.376991118430775     
   3.00000000000000       0.502654824574367        1.00000000000000     
  0.000000000000000E+000          26 -0.376991118430775     
   2.99999999999999       0.502654824574367       0.999999999999998     
  0.000000000000000E+000          26 -0.376991118430775     
   2.99999999999998       0.502654824574367       0.999999999999993     
  0.000000000000000E+000          26 -0.376991118430775     
   2.99999999999998       0.502654824574367       0.999999999999993     
  0.000000000000000E+000          26 -0.376991118430775     
   2.99999999999998       0.502654824574367       0.999999999999996     
  0.000000000000000E+000          26 -0.376991118430775     
   2.99999999999999       0.502654824574367        1.00000000000000     
  0.000000000000000E+000          26 -0.376991118430775     
   3.00000000000000       0.502654824574367        1.00000000000001     
  0.000000000000000E+000          26 -0.376991118430775     
   3.00000000000001       0.502654824574367        1.00000000000001     
  0.000000000000000E+000          26 -0.376991118430775     
   3.00000000000002       0.502654824574367        1.00000000000000     
  0.000000000000000E+000          26 -0.376991118430775     
   3.00000000000002       0.502654824574367        1.00000000000000     
  0.000000000000000E+000          26 -0.376991118430775     
   3.00000000000002       0.502654824574367       0.999999999999998     
  0.000000000000000E+000          26 -0.376991118430775     
   3.00000000000001       0.502654824574367       0.999999999999999     
  0.000000000000000E+000          26 -0.376991118430775     
   3.00000000000000       0.502654824574367        1.00000000000000     
  0.000000000000000E+000          26 -0.376991118430775     
   3.00000000000000       0.502654824574367        1.00000000000000     
  0.000000000000000E+000          26 -0.376991118430775     
   3.00000000000000       0.502654824574367        1.00000000000000     
  0.000000000000000E+000          26 -0.376991118430775     
   3.00000000000000       0.502654824574367        1.00000000000000     
  0.000000000000000E+000          26 -0.376991118430775     
   3.00000000000000       0.502654824574367        1.00000000000000     
  8.168140899333463E-002          26 -0.251327412287183     
   3.98156663715707       0.376991118430776        1.54415447045303     
  8.168140899333463E-002          26 -0.251327412287183     
   3.96984602515901       0.376991118430776        1.46839616594928     
  0.163362817986669               29  0.125663706143592     
   3.60273874148145       0.753982236861551        1.94715625165720     
  0.163362817986669               29  0.125663706143592     
   3.40274866233192       0.753982236861551        1.79610684931905     
  0.163362817986669               30  0.251327412287184     
   3.71047234941052       0.879645943005142        1.08707217157580     
  0.163362817986669               30  0.251327412287184     
   3.67015076818222       0.879645943005142        1.03239855270782     
  0.163362817986669               30  0.125663706143592     
   3.97842877908135        1.00530964914873        1.00048276852507     
  0.163362817986669               29  0.125663706143592     
   3.97805387698631       0.753982236861551        1.03035818729796     
  0.163362817986669               29  4.440892098500626E-016
   3.99950523254739       0.879645943005142        1.00051714768625     
  0.163362817986669               29  4.440892098500626E-016
   3.99764910344744       0.879645943005142        1.00036802782945     
  0.163362817986669               29  4.440892098500626E-016
   3.98703947168346       0.879645943005142        1.00035678168668     
  0.163362817986669               28  4.440892098500626E-016
   3.96642285198802       0.628318530717959        1.16944632614012     
  0.245044226980004               32  0.502654824574367     
   3.89343189715122        1.13097335529233        1.14207516882536     
  0.245044226980004               32  0.376991118430776     
   3.99419782538227        1.25663706143592        1.07157419355078     
  0.245044226980004               32  0.376991118430776     
   3.99419082468179        1.25663706143592        1.02858318656128     
  0.245044226980004               31  0.376991118430776     
   3.99344622548152        1.00530964914873        1.10014973613846     
  0.245044226980004               31  0.251327412287184     
   3.99988539665746        1.13097335529233        1.00525721991654     
  0.245044226980004               31  0.251327412287184     
   3.99987150023259        1.13097335529233        1.00258017208979     
  0.245044226980004               31  0.251327412287184     
   3.99927963875950        1.13097335529233        1.00076861698411     
  0.245044226980004               30  0.251327412287184     
   3.99237714807493       0.879645943005142        1.17888676761758     
  0.245044226980004               30  0.125663706143592     
   3.99964101241221        1.00530964914873        1.02040015080236     
  0.245044226980004               30  0.125663706143592     
   3.99828413209189        1.00530964914873        1.00077584632048     
  0.245044226980004               30  0.125663706143592     
   3.99665858476694        1.00530964914873        1.00053435549709     
  0.245044226980004               30  0.125663706143592     
   3.99456934762296        1.00530964914873        1.00034825884423     
  0.245044226980004               29  0.125663706143592     
   3.97184218203679       0.753982236861551        1.12522343051155     
  0.245044226980004               29  0.125663706143592     
   3.90306300219671       0.753982236861551        1.12520238714206     
  0.245044226980004               29  0.125663706143592     
   3.79620677432923       0.753982236861551        1.12518618649187     
  0.245044226980004               29  0.125663706143592     
   3.40560840769195       0.753982236861551        1.12517858560120     
  0.326725635973339               33  0.628318530717959     
   3.99850765764857        1.25663706143592        1.92294056785344     
  0.326725635973339               33  0.628318530717959     
   3.99850020510440        1.25663706143592        1.77096001453420     
  0.326725635973339               33  0.628318530717959     
   3.99843885171510        1.25663706143592        1.50695963476699     
  0.326725635973339               34  0.628318530717959     
   3.99836309916916        1.50796447372310        1.06615482781146     
  0.326725635973339               34  0.628318530717959     
   3.99826485182547        1.50796447372310        1.02719193504205     
  0.326725635973339               33  0.628318530717959     
   3.99780850689951        1.25663706143592        1.14720652878328     
  0.326725635973339               33  0.628318530717959     
   3.97421025740052        1.25663706143592        1.08687164595349     
  0.326725635973339               33  0.628318530717959     
   3.92927569370011        1.25663706143592        1.04526372569391     
  0.326725635973339               33  0.628318530717959     
   3.88029911278350        1.25663706143592        1.03396726183996     
  0.326725635973339               33  0.628318530717959     
   3.78110515888958        1.25663706143592        1.01586592058639     
  0.326725635973339               32  0.502654824574367     
   3.95558428099294        1.13097335529233        1.09763276012008     
  0.326725635973339               32  0.502654824574367     
   3.93924101290579        1.13097335529233        1.08406859305380     
  0.326725635973339               31  0.376991118430776     
   3.98468669139427        1.00530964914873        1.16486803824151     
  0.326725635973339               32  0.502654824574367     
   3.60762085731868        1.13097335529233        1.00075629705243     
  0.326725635973339               31  0.376991118430776     
   3.92958868784519        1.00530964914873        1.01703417958841     
  0.326725635973339               31  0.251327412287184     
   3.99690561828953        1.13097335529233        1.00027658524021     
  0.326725635973339               31  0.251327412287184     
   3.98068548227921        1.13097335529233        1.00009049066415     
  0.326725635973339               31  0.251327412287184     
   3.95783844108073        1.13097335529233        1.00008985914020     
  0.326725635973339               31  0.251327412287184     
   3.92657029450119        1.13097335529233        1.00008953958342     
  0.326725635973339               31  0.251327412287184     
   3.63135800280976        1.13097335529233        1.00008966700715     
  0.326725635973339               30  0.251327412287184     
   3.40259580277393       0.879645943005142        1.08485659694879     
  0.408407044966673               35  0.879645943005142     
   3.99962937382615        1.50796447372310        2.00892494497833     
  0.408407044966673               35  0.879645943005142     
   3.99962937382615        1.50796447372310        2.00892494497833     
  0.408407044966673               35  0.879645943005142     
   3.99962937382614        1.50796447372310        2.00892494497833     
  0.408407044966673               35  0.879645943005142     
   3.99962937382614        1.50796447372310        2.00892494497832     
  0.408407044966673               35  0.879645943005142     
   3.99962937382614        1.50796447372310        2.00892494497832     
  0.408407044966673               35  0.879645943005142     
   3.99962937382614        1.50796447372310        2.00892494497832     
  0.408407044966673               35  0.879645943005142     
   3.99962937382615        1.50796447372310        2.00892494497832     
  0.408407044966673               35  0.879645943005142     
   3.99962937382615        1.50796447372310        2.00892494497832     
  0.408407044966673               35  0.879645943005142     
   3.99962937382615        1.50796447372310        2.00892494497832     
  0.408407044966673               35  0.879645943005142     
   3.99962937382615        1.50796447372310        2.00892494497832     
  0.408407044966673               35  0.879645943005142     
   3.99962937382615        1.50796447372310        2.00892494497832     
  0.408407044966673               35  0.879645943005142     
   3.99962937382615        1.50796447372310        2.00892494497832     
  0.408407044966673               35  0.879645943005142     
   3.99962937382615        1.50796447372310        2.00892494497832     
  0.408407044966673               35  0.879645943005142     
   3.99962937382615        1.50796447372310        2.00892494497832     
  0.408407044966673               35  0.879645943005142     
   3.99962937382615        1.50796447372310        2.00892494497835     
  0.408407044966673               35  0.879645943005142     
   3.99962937382615        1.50796447372310        2.00892494497835     
  0.408407044966673               35  0.879645943005142     
   3.99962937382615        1.50796447372310        2.00892494497835     
  0.408407044966673               35  0.879645943005142     
   3.99962937382615        1.50796447372310        2.00892494497835     
  0.408407044966673               35  0.879645943005142     
   3.99962937382615        1.50796447372310        2.00892494497835     
  0.408407044966673               35  0.879645943005142     
   3.99962937382615        1.50796447372310        2.00892494497835     
  0.408407044966673               35  0.879645943005142     
   3.99962937382615        1.50796447372310        2.00892494497835     
  0.408407044966673               35  0.879645943005142     
   3.99962937382615        1.50796447372310        2.00892494497835     
  0.408407044966673               35  0.879645943005142     
   3.99962937382615        1.50796447372310        2.00892494497835     
  0.408407044966673               35  0.879645943005142     
   3.99962937382615        1.50796447372310        2.00892494497835     
  0.408407044966673               35  0.879645943005142     
   3.99962937382615        1.50796447372310        2.00892494497835     
  0.408407044966673               35  0.879645943005142     
   3.99962937382615        1.50796447372310        2.00892494497835     
  0.408407044966673               35  0.879645943005142     
   3.99962937382615        1.50796447372310        2.00892494497835     
  0.408407044966673               35  0.879645943005142     
   3.99962937382615        1.50796447372310        2.00892494497835     
  0.408407044966673               35  0.879645943005142     
   3.99962937382615        1.50796447372310        2.00892494497835     
  0.408407044966673               35  0.879645943005142     
   3.99962937382615        1.50796447372310        2.00892494497835     
  0.408407044966673               35  0.879645943005142     
   3.99962937382615        1.50796447372310        2.00892494497835     
  0.408407044966673               35  0.879645943005142     
   3.99962937382614        1.50796447372310        2.00892494497835     
  0.408407044966673               35  0.879645943005142     
   3.99962937382614        1.50796447372310        2.00892494497835     
  0.408407044966673               35  0.879645943005142     
   3.99962937382615        1.50796447372310        2.00892494497835     
  0.408407044966673               35  0.879645943005142     
   3.99962937382615        1.50796447372310        2.00892494497836     
  0.408407044966673               35  0.879645943005142     
   3.99962937382615        1.50796447372310        2.00892494497836     
  0.408407044966673               35  0.879645943005142     
   3.99962937382615        1.50796447372310        2.00892494497836     
  0.408407044966673               35  0.879645943005142     
   3.99962937382615        1.50796447372310        2.00892494497833     
  0.408407044966673               35  0.879645943005142     
   3.99962937382615        1.50796447372310        2.00892494497833     
  0.408407044966673               35  0.879645943005142     
   3.99962937382615        1.50796447372310        2.00892494497836     
  0.408407044966673               35  0.879645943005142     
   3.99962937382615        1.50796447372310        2.00892494497836     
  0.408407044966673               35  0.879645943005142     
   3.99962937382615        1.50796447372310        2.00892494497836     
  0.408407044966673               35  0.879645943005142     
   3.99962937382615        1.50796447372310        2.00892494497835     
  0.408407044966673               35  0.879645943005142     
   3.99962937382615        1.50796447372310        2.00892494497835     
  0.408407044966673               35  0.879645943005142     
   3.99962937382615        1.50796447372310        2.00892494497835     
  0.408407044966673               35  0.879645943005142     
   3.99962937382614        1.50796447372310        2.00892494497835     
  0.408407044966673               35  0.879645943005142     
   3.99962937382615        1.50796447372310        2.00892494497835     
  0.408407044966673               35  0.879645943005142     
   3.99962937382615        1.50796447372310        2.00892494497835     
  0.408407044966673               35  0.879645943005142     
   3.99962937382615        1.50796447372310        2.00892494497835     
  0.408407044966673               35  0.879645943005142     
   3.99962937382615        1.50796447372310        2.00892494497835     
  0.408407044966673               35  0.879645943005142     
   3.99962937382615        1.50796447372310        2.00892494497835     
  0.408407044966673               35  0.879645943005142     
   3.99962937382615        1.50796447372310        2.00892494497835     
  0.408407044966673               35  0.879645943005142     
   3.99962937382614        1.50796447372310        2.00892494497835     
  0.408407044966673               35  0.879645943005142     
   3.99962937382614        1.50796447372310        2.00892494497836     
  0.408407044966673               35  0.879645943005142     
   3.99962937382615        1.50796447372310        2.00892494497836     
  0.408407044966673               35  0.879645943005142     
   3.99962937382615        1.50796447372310        2.00892494497836     
  0.408407044966673               35  0.879645943005142     
   3.99962937382615        1.50796447372310        2.00892494497836     
  0.408407044966673               35  0.879645943005142     
   3.99962937382615        1.50796447372310        2.00892494497836     
  0.408407044966673               35  0.879645943005142     
   3.99962937382615        1.50796447372310        2.00892494497835     
  0.408407044966673               35  0.879645943005142     
   3.99962937382615        1.50796447372310        2.00892494497835     
  0.408407044966673               35  0.879645943005142     
   3.99962937382615        1.50796447372310        2.00892494497835     
  0.408407044966673               35  0.879645943005142     
   3.99962937382615        1.50796447372310        2.00892494497835     
  0.408407044966673               35  0.879645943005142     
   3.99962937382615        1.50796447372310        2.00892494497835     
  0.408407044966673               35  0.879645943005142     
   3.99962937382615        1.50796447372310        2.00892494497836     
  0.408407044966673               35  0.879645943005142     
   3.99962937382615        1.50796447372310        2.00892494497836     
  0.408407044966673               35  0.879645943005142     
   3.99962937382615        1.50796447372310        2.00892494497833     
  0.408407044966673               35  0.879645943005142     
   3.99962937382615        1.50796447372310        2.00892494497833     
  0.408407044966673               35  0.879645943005142     
   3.99962937382615        1.50796447372310        2.00892494497833     
  0.408407044966673               35  0.879645943005142     
   3.99962937382615        1.50796447372310        2.00892494497833     
  0.408407044966673               35  0.879645943005142     
   3.99962937382615        1.50796447372310        2.00892494497836     
  0.408407044966673               35  0.879645943005142     
   3.99962937382615        1.50796447372310        2.00892494497836     
  0.408407044966673               35  0.879645943005142     
   3.99962937382615        1.50796447372310        2.00892494497836     
  0.408407044966673               35  0.879645943005142     
   3.99962937382615        1.50796447372310        2.00892494497835     
  0.408407044966673               35  0.879645943005142     
   3.99962937382615        1.50796447372310        2.00892494497835     
  0.408407044966673               35  0.879645943005142     
   3.99962937382615        1.50796447372310        2.00892494497835     
  0.408407044966673               35  0.879645943005142     
   3.99962937382615        1.50796447372310        2.00892494497835     
  0.408407044966673               35  0.879645943005142     
   3.99962937382615        1.50796447372310        2.00892494497835     
  0.408407044966673               35  0.879645943005142     
   3.99962937382615        1.50796447372310        2.00892494497835     
  0.408407044966673               35  0.879645943005142     
   3.99962937382615        1.50796447372310        2.00892494426125     
  0.408407044966673               35  0.879645943005142     
   3.99962937382615        1.50796447372310        2.00892494487249     
  0.408407044966673               35  0.879645943005142     
   3.99962937382615        1.50796447372310        2.00892494586486     
  0.408407044966673               35  0.879645943005142     
   3.99962937382354        1.50796447372310        2.00892437894315     
  0.408407044966673               35  0.879645943005142     
   3.99962937382649        1.50796447372310        2.00892486184782     
  0.408407044966673               35  0.879645943005142     
   3.99962937382944        1.50796447372310        2.00892564402255     
  0.408407044966673               35  0.879645943005142     
   3.99962896691704        1.50796447372310        2.00892666520420     
  0.408407044966673               35  0.879645943005142     
   3.99962931375891        1.50796447372310        2.00892537308586     
  0.408407044966673               35  0.879645943005142     
   3.99962987684815        1.50796447372310        2.00892245847660     
  0.408407044966673               35  0.879645943005142     
   3.99962926348470        1.50796447372310        2.00862409273768     
  0.408407044966673               35  0.879645943005142     
   3.99962958127960        1.50796447372310        2.00828762889036     
  0.408407044966673               35  0.879645943005142     
   3.99962915198837        1.50796447372310        2.00785140304282     
  0.408407044966673               35  0.879645943005142     
   3.99963101001633        1.50796447372310        1.99257659830768     
  0.408407044966673               35  0.879645943005142     
   3.99961905536088        1.50796447372310        1.92224344451829     
  0.408407044966673               35  0.879645943005142     
   3.99959810965746        1.50796447372310        1.80826264322800     
  0.408407044966673               36  0.879645943005142     
   3.99888744159637        1.75929188601028        1.10900074489269     
  0.408407044966673               36   1.00530964914873     
   3.92947524048029        1.63362817986669        1.09883986482477     
  0.408407044966673               36   1.00530964914873     
   3.84593390962192        1.63362817986669        1.02323484077070     
  0.408407044966673               36  0.879645943005142     
   3.96138138271721        1.75929188601028        1.00029512008594     
  0.408407044966673               36  0.879645943005142     
   3.94310991268249        1.75929188601028        1.00017520228274     
  0.408407044966673               35  0.879645943005142     
   3.92598478606991        1.50796447372310        1.00552276790947     
  0.408407044966673               35  0.753982236861551     
   3.99787582121572        1.63362817986669        1.00001222495221     
  0.408407044966673               35  0.753982236861551     
   3.99701927393795        1.63362817986669       0.999997816281158     
  0.408407044966673               35  0.753982236861551     
   3.99594885434122        1.63362817986669       0.999991442370531     
  0.408407044966673               34  0.628318530717959     
   3.99992797068683        1.50796447372310        1.00000028569455     
  0.408407044966673               34  0.628318530717959     
   3.99983522174711        1.50796447372310        1.00000022555758     
  0.408407044966673               34  0.628318530717959     
   3.99971004454129        1.50796447372310        1.00000018132063     
  0.408407044966673               34  0.628318530717959     
   3.99707122297782        1.50796447372310        1.00000001854846     
  0.408407044966673               33  0.628318530717959     
   3.99373105856582        1.25663706143592        1.04633336686762     
  0.408407044966673               33  0.502654824574367     
   3.99981242694633        1.38230076757951        1.00129936986840     
  0.408407044966673               33  0.502654824574367     
   3.99736107616480        1.38230076757951        1.00130146498836     
  0.408407044966673               32  0.502654824574367     
   3.99210338504925        1.13097335529233        1.31760566742621     
  0.408407044966673               32  0.502654824574367     
   3.98257679111222        1.13097335529233        1.25426728233677     
  0.408407044966673               32  0.502654824574367     
   3.96978808006511        1.13097335529233        1.12333911419976     
  0.408407044966673               32  0.376991118430776     
   3.98529971005502        1.25663706143592        1.01026673166832     
  0.408407044966673               32  0.376991118430776     
   3.97463534692839        1.25663706143592        1.00227597694748     
  0.408407044966673               32  0.502654824574367     
   3.67207764303008        1.13097335529233        1.00393629625519     
  0.408407044966673               32  0.502654824574367     
   3.47785560745697        1.13097335529233        1.00383158934567     
  0.408407044966673               32  0.502654824574367     
   3.27679768104566        1.13097335529233        1.00375082676094     
  0.408407044966673               32  0.502654824574367     
   3.02578385282564        1.13097335529233        1.00368662842851     
  0.408407044966673               32  0.502654824574367     
   3.01509800776413        1.13097335529233        1.00367714273772     
  0.408407044966673               32  0.502654824574367     
   3.00692234165049        1.13097335529233        1.00367295247778     
  0.408407044966673               32  0.502654824574367     
   2.99978032278135        1.13097335529233        1.00367658273702     
  0.408407044966673               32  0.502654824574367     
   2.99978005444099        1.13097335529233        1.00367885146501     
  0.408407044966673               32  0.502654824574367     
   2.99977984781971        1.13097335529233        1.00368024927159     
  0.408407044966673               32  0.502654824574367     
   2.99977975400141        1.13097335529233        1.00367860937955     
  0.408407044966673               32  0.502654824574367     
   2.99977964763994        1.13097335529233        1.00367860956184     
  0.408407044966673               32  0.502654824574367     
   2.99977960071697        1.13097335529233        1.00367860967411     
  0.408407044966673               32  0.502654824574367     
   2.99977964815798        1.13097335529233        1.00367860954239     
  0.408407044966673               32  0.502654824574367     
   2.99977966605998        1.13097335529233        1.00367860954239     
  0.408407044966673               32  0.502654824574367     
   2.99977967708839        1.13097335529233        1.00367860954239     
  0.408407044966673               32  0.502654824574367     
   2.99977966415008        1.13097335529233        1.00367860954239     
  0.408407044966673               32  0.502654824574367     
   2.99977966415110        1.13097335529233        1.00367860954239     
  0.408407044966673               32  0.502654824574367     
   2.99977966415010        1.13097335529233        1.00367860954239     
  0.408407044966673               32  0.502654824574367     
   2.99977966415115        1.13097335529233        1.00367860954239     
  0.408407044966673               32  0.502654824574367     
   2.99977966415116        1.13097335529233        1.00367860954239     
  0.408407044966673               32  0.502654824574367     
   2.99977966414911        1.13097335529233        1.00367860954239     
  0.408407044966673               32  0.502654824574367     
   2.99977966415010        1.13097335529233        1.00367860954239     
  0.408407044966673               32  0.502654824574367     
   2.99977966414906        1.13097335529233        1.00367860954239     
  0.408407044966673               32  0.502654824574367     
   2.99977966415006        1.13097335529233        1.00367860954239     
  0.408407044966673               32  0.502654824574367     
   2.99977966415005        1.13097335529233        1.00367860954239     
  0.408407044966673               32  0.502654824574367     
   2.99977966415005        1.13097335529233        1.00367860954240     
  0.408407044966673               32  0.502654824574367     
   2.99977966414906        1.13097335529233        1.00367860954240     
  0.408407044966673               32  0.502654824574367     
   2.99977966415011        1.13097335529233        1.00367860954240     
  0.408407044966673               32  0.502654824574367     
   2.99977966415013        1.13097335529233        1.00367860954240     
  0.408407044966673               32  0.502654824574367     
   2.99977966415014        1.13097335529233        1.00367860954240     
  0.408407044966673               32  0.502654824574367     
   2.99977966415013        1.13097335529233        1.00367860954239     
  0.408407044966673               32  0.502654824574367     
   2.99977966414911        1.13097335529233        1.00367860954239     
  0.408407044966673               32  0.502654824574367     
   2.99977966414909        1.13097335529233        1.00367860954239     
  0.408407044966673               32  0.502654824574367     
   2.99977966414908        1.13097335529233        1.00367860954239     
  0.408407044966673               32  0.502654824574367     
   2.99977966415009        1.13097335529233        1.00367860954239     
  0.408407044966673               32  0.502654824574367     
   2.99977966414907        1.13097335529233        1.00367860954239     
